0.3692131751287123
0.5556456723310453
0.564585913339304
0.3349526307177571
0.3699015482029945
0.31631442820240774
0.36258306860978434
0.33502980461957665
0.46368142886094604
0.31561838346734006
0.15639310228839473
0.3013002319285888
0.31154866240879164
0.15179793656576465
0.29899859709569154
0.384561768554268
0.30970788103900837
0.2510416978966128
0.363023357692062
0.36296787203850606
0.2556781778020802
0.2923130054172764
0.1388219983358958
0.36208093192054014
0.36130672488736254
0.31132860827097514
0.3399829880368061
0.12029131358789348
0.3128744343279563
0.28539055391391444
0.3078839358860428
0.3238409716409926
0.18615687733186564
0.2550292882708191
0.2769396144068292
0.3702031118172783
0.26226279994064866
0.26372450065010317
0.2629265137825371
0.27438927370948635
0.11307702323697352
0.11303938524317095
0.11711679909094483
0.2719227064637997
0.2697553971182652
0.3702861951667671
0.23634860686804565
0.27645582446516104
0.2788108159351001
0.2646379005506983
0.2646379005506983
0.10213425714933266
0.2533719098317436
0.2533719098317436
0.2533719098317436
0.2440736482401665
0.26178700541717037
0.26091021944881093
0.10144923737171742
0.24007426994785022
0.2528013193140448
0.11206024064463893
0.10824124944265226
0.21794779740656506
0.10087129725525479
0.21309400425067193
0.2555945459894438
0.09618243863788228
0.2640070960827221
0.2542984431918163
0.09285746594744954
0.23518282837307392
0.2621004362259132
0.10564540192892147
0.25204708866038716
0.24595431678354007
0.10023550700889954
0.23494988624732577
0.24226067653008107
0.23357192149850725
0.09574762806457546
0.0896082482809994
0.09414557977616542
0.23275509937983607
0.24825953910406592
0.08990211355004565
0.22247940674721478
0.08592892631258008
0.2963037483807436
0.21993188979839096
0.0838500781761869
0.08763773529137069
0.08963000770032423
0.08356374154166378
0.2776015905481902
0.21708427637335412
0.08440610740274164
0.22855315558198
0.09041425133512623
0.07506266504472732
0.07464919282411772
0.21041641557213098
0.0729619150666025
0.21049384498405885
0.07661106028647245
0.0727258169712829
0.2119188159326055
0.0706148253922305
0.07007941752329339
0.19370701835164797
0.08683790635999461
0.20689978770044506
0.07508410503145398
0.07424538858161313
0.07041554458506676
0.07145465153347853
0.22599557247948412
0.06598849948525035
0.22518329895748027
0.07369487364621014
0.07195254984483106
0.06958184605123574
0.07122163827274201
0.06436011223305566
0.18149837544365116
0.06638614700705131
0.06715077421615799
0.059189396023246466
0.060365989195890576
0.20162551272838355
0.06257317273663253
0.0572552317028084
0.05672982793464565
0.0556096061448594
0.05343259755448027
0.05166612983947638
0.05306484071603152
0.0530359543571093
0.053015491544573974
0.16427093846828708
0.1861917289514938
0.052627420135506225
0.05300426673039488
0.14559853163262582
0.05025977985000975
0.050005319151672195
0.14407213611718414
0.10449391576255579
0.19141412584685338
0.04638915700161022
0.1744795948647622
0.04843383580828158
0.043590384844096206
0.042933379724637136
0.043674364382416855
0.042166890123290494
0.028693609835229394
0.03449494133956824
0.02330611576725164
0.10272994019357176
0.018856985989238406
0.01486018301545932
0.0
0.0
0.0
0.0
0.0
0.0
0.0
0.0
0.0
0.0
0.0
0.0
0.0
0.0
0.0
0.0
0.0
0.0
0.0
0.0
0.0
0.0
0.0
0.0
0.0
0.0
0.5124916817765771
0.4954883693452632
0.46411689451266785
0.5385022408099172
0.21993659350759093
0.4550081983345182
0.47937320891457225
0.5154487446688869
0.45743843223989866
0.44480778364652607
0.44442198826069607
0.432866528150037
0.42115411010654547
0.40780948647974136
0.4698801521136511
0.18537665481149906
0.19546761544844868
0.4585710339760909
0.45109687167180046
0.17983819368201712
0.34311978465014836
0.33265756892896753
0.40847350027177015
0.4412386844361182
0.39249369395639877
0.169715712628991
0.3813701351505461
0.26856506566319505
0.25911460441000933
0.16875994868319863
0.4295192210810673
0.29931051072599646
0.16244953135341633
0.35042719529856003
0.38366512232303657
0.3153163420243573
0.14374858799492216
0.1397297141040259
0.13791123168359154
0.13468742036461429
0.14627677038130302
0.28176777784151086
0.23581683629680375
0.3401963371718402
0.3401963371718402
0.14340036205910425
0.134942716716598
0.37234288000626753
0.37193790633809454
0.28157433671662296
0.29688897950620785
0.33487522280718435
0.32193638484794185
0.3229155421362165
0.21569031272580858
0.12852686822970671
0.2922081699961694
0.21583586934474286
0.218008902283859
0.35143916750198834
0.27116158879652125
0.12719229573777402
0.20031666234953058
0.30043959150394384
0.32597390340549975
0.2009967969870463
0.10934584320201376
0.11692926328059296
0.11288194944715119
0.287619649897079
0.2636456172135094
0.19098391737146436
0.2864181249229146
0.1122173983906925
0.26461238182807023
0.10530615237437398
0.23410631710963564
0.24986588668852727
0.22411879261265394
0.2228728861384723
0.17166628893973354
0.15507227071516236
0.2851428033586464
0.09289712431436374
0.2752277510723409
0.1250048317018333
0.08863812784830516
0.09844487640332343
0.09355202717346613
0.16746447387786062
0.23624493357000523
0.16751840828639863
0.09208168003432295
0.08507454022413875
0.1644910233583542
0.0760843593544888
0.15091593654669272
0.07079230226483364
0.08069042227462199
0.07646683352222797
0.13921802960861504
0.1833570545216219
0.06820363382597254
0.179590877014022
0.19192931793307463
0.12275915698279719
0.07004628493027991
0.06064534365473778
0.1449849404039959
0.0602223969488563
0.06812758876340558
0.0993878115806267
0.058337478810930224
0.05671778934569168
0.1272951488487535
0.05322961694476853
0.05315226058942283
0.13047256448180727
0.046878957240859984
0.047298578700228966
0.05350226404786734
0.04194363136090047
0.0423732480944343
0.03452446611445461
0.03231863746589646
0.029044666591175692
0.01639871783406907
0.0
0.0
0.0
0.0
0.0
0.0
0.0
0.0
0.0
0.0
0.0
0.421885798013113
0.38826170878793026
0.5823676312146971
0.34537133094897704
0.19912501731888246
0.37419771849644373
0.35021782818217756
0.15987840152912394
0.17696895799184748
0.36382218301506475
0.16125989083782263
0.36071791495071326
0.15776262156829807
0.3319722221376886
0.3210861073959412
0.30694084358279555
0.14383305285354533
0.3919352277155873
0.3919352277155873
0.3197756074467128
0.26403504348357426
0.2986154064029809
0.26182291961275145
0.293031066232521
0.293031066232521
0.29354523757840834
0.2636475874486891
0.12192560203363577
0.2823447470547592
0.11932722988411891
0.2831635169936418
0.2712358998494434
0.12562706810388735
0.2831855526603896
0.2682409682970519
0.12388902622454903
0.12814272378868596
0.33508619642622733
0.10959502366206024
0.10785357088509001
0.10951642700019873
0.2528792856920023
0.10290256410299949
0.10378168067929687
0.10352647228040605
0.10192114787312054
0.10897057544351646
0.30561591321566883
0.09635946395406869
0.09342914700531843
0.10035150705206514
0.26373380076512354
0.11451864884517104
0.0962198575297903
0.09305813876646649
0.091440610464294
0.21502027601043952
0.2373463748023365
0.10230446984842392
0.08334689716654427
0.08690104351112177
0.08526545317608351
0.08205384717957612
0.23567941443761015
0.24686359250818804
0.0841842835500274
0.08207462350314079
0.30175541709977427
0.09276661157008866
0.07926251616309019
0.2522995717595412
0.19891674512310578
0.07382210093743134
0.07159969101762939
0.21781129556212142
0.08520825001193226
0.06907516501784709
0.08439798600709618
0.06940232933970261
0.06870287404801285
0.06859545691442799
0.2152236559076588
0.06670634664374438
0.06670756435593557
0.18749876949378688
0.06578868450819574
0.07631067390381124
0.06576889277645719
0.07349414818023137
0.0661668391045792
0.06331200994304309
0.07761047880600423
0.0628224464563569
0.06297351073750339
0.07043621627541019
0.05970751624230624
0.18001376879285721
0.24561705716656512
0.16018933137231728
0.055050116007914755
0.18524005400455862
0.054040188713472354
0.053093652751991405
0.05171175708457578
0.05592531711257318
0.1620104053207134
0.054800634224850917
0.04800534510671425
0.0419213716706504
0.15547636500605447
0.0407502741517578
0.04112001628842943
0.0399555102032949
0.03220749039140618
0.032318096973628335
0.031799835597350175
0.030519439824425877
0.023335718713020245
0.019652836532916874
0.0196060264611308
0.0
0.0
0.0
0.0
0.0
0.0
0.0
0.0
0.0
0.0
0.0
0.0
0.0
0.0
0.0
0.0
0.0
0.0
0.0
0.0
0.0
0.0
0.0
0.0
0.0
0.0
0.0
0.0
0.0
0.0
0.0
0.0
0.0
0.0
0.5458783228530827
0.3051083246759957
0.5432936635234845
0.4551835621681159
0.33257565776510856
0.31909481107864374
0.4395073013587344
0.5039109817484041
0.3110413111071667
0.41762601607505206
0.44844782552232554
0.3300316098686497
0.41394201032638567
0.4221655712258102
0.3762855925953804
0.39516610426825416
0.3365015196331533
0.39808784200984515
0.16166018669047633
0.48781471529080134
0.38854980611865614
0.44317281125299657
0.44317281125299657
0.44317281125299657
0.44317281125299657
0.34245906220326944
0.41247131851596963
0.41247131851596963
0.1519090651397363
0.29815291467376187
0.38953494178893855
0.40296077827455523
0.35086024766967167
0.3600754435700028
0.393078733877782
0.3704540956189978
0.38777846716140024
0.3926556204155184
0.3863159832434833
0.2326271383790186
0.24115501246400178
0.35665081165778106
0.35665081165778106
0.36788579841131525
0.36622325131216277
0.3610599403558816
0.22503018053201754
0.14295475401853552
0.4099937300002453
0.29763048745479226
0.3234841362998589
0.285996712424738
0.3809016651893125
0.2313887748881205
0.3693210910617183
0.4006726368751139
0.37418270664706327
0.22952510006423754
0.3904777974183324
0.24320070152702924
0.22783940546050216
0.2904956725730782
0.41520647197567584
0.3983346393131385
0.23952566349712728
0.39482984704049284
0.23848770646123163
0.33497855445237484
0.23602743358374706
0.38779198425505507
0.3431357295195108
0.3957654313872672
0.3381241433419631
0.3831855019885136
0.3706544451283023
0.19273626031880176
0.22730090382610418
0.2902474092080343
0.2635603708595028
0.21993960024557543
0.2054359909741749
0.2587518587429422
0.2502013074652436
0.3653549519515165
0.13056069662765715
0.3415006603885791
0.2690323574948878
0.2952693570592188
0.18542278796070932
0.19935837543045778
0.33286731479779963
0.2911696256179762
0.27871638818016364
0.35096367779851606
0.36640510013905797
0.199427270192936
0.35349738137308173
0.322010966989808
0.32378173298440144
0.2339415579308623
0.2178245520660301
0.21752618638751944
0.2964476410101016
0.33152840481577817
0.24113775769493376
0.20244608454947366
0.35160619877884286
0.2346881706188751
0.12284710634845761
0.31546980604966846
0.17678384249709336
0.2254635454345764
0.32527739610796613
0.22847178027450257
0.24963930518844518
0.3178355162742162
0.25626149742377763
0.2599558315822086
0.18341057936313135
0.294431824480658
0.19426419235045295
0.3207969131808293
0.20751796952281779
0.35350328494523287
0.33534142516763976
0.3280461986737858
0.371756429008948
0.18912022917812324
0.21218899752705558
0.2796053375693647
0.20760524682716658
0.3077474170071492
0.20586376424856495
0.315424279105212
0.25392269493885
0.26246589659537073
0.1480863816539034
0.29361291918314514
0.11456779377804896
0.2894927366815522
0.22973302961613898
0.10748238953144472
0.261418571041287
0.17084569532988514
0.29147604341054023
0.18642835286857198
0.2823133069501972
0.17786003133950853
0.17565675953783336
0.17217390496560375
0.10411141120698647
0.18769745178984154
0.17541939282767227
0.08668180671422107
0.2064466265953873
0.17778092231118137
0.10892444040704347
0.1698016070551444
0.17622181081099905
0.29554947003732623
0.33470791619186063
0.16571186541420146
0.17398306814958164
0.09735387928016305
0.2211616489747814
0.18757942872457412
0.15187444842276013
0.0835668016054468
0.15983854189950078
0.1744046525599856
0.16027366806938914
0.15031769479012552
0.2497437141337356
0.2022943787094396
0.07844631163700129
0.15912426572227756
0.21667346105673585
0.16163496382555187
0.15226239507327927
0.15787448484046615
0.19752213187836395
0.16203605449324732
0.08542773198756923
0.1708407056285758
0.18441143125263848
0.1426931782647973
0.17826830547898123
0.17356960510576736
0.15529269158933925
0.25533894391819134
0.1405297861733948
0.16447348140713788
0.14298835687350664
0.16357848874684294
0.15491974822607274
0.23603550841496004
0.23603550841496004
0.1658405740305586
0.22202532346574344
0.14501057129751604
0.13951919050882303
0.18910381439889593
0.13178958786839307
0.14716686197311635
0.17085181335566646
0.17085181335566646
0.1359488079796627
0.1650887603094839
0.1402766771135791
0.1245360510385824
0.17703880779198083
0.12634324041440123
0.12143174086021552
0.13031615528339827
0.1372310117536281
0.12712224862154523
0.055902991576754955
0.11374107992250121
0.07557580011329049
0.1332020268259942
0.13347919956225568
0.12264227193226324
0.14398902699798585
0.15460926501027272
0.11728165951301894
0.14979639995735658
0.11602387048583036
0.11348097928228576
0.03932326241982774
0.12117780997634545
0.10243199561316822
0.20042387642720566
0.09998433382296124
0.005679921706742607
0.5230984983636086
0.3961025770408503
0.34351944988863425
0.35746028762384985
0.38655778668405033
0.4207588514085781
0.3610516700725564
0.372812366589009
0.14587202775562624
0.3851096787222696
0.32157881879117445
0.41699558506971357
0.39452963838049593
0.39452963838049593
0.4311236438948037
0.13417530844030934
0.32996367519910985
0.3527130020087865
0.3592731510393534
0.3347723043779809
0.369312080153284
0.3948666988819969
0.12668882258821457
0.34685180300396606
0.28935751614137584
0.3531170173472719
0.2867897751482459
0.3575104548889165
0.3429275220063622
0.38243128497462636
0.2943586275394244
0.2979067043432425
0.2979067043432425
0.4293543270037143
0.11087265449289578
0.3934311669095212
0.10726957756376493
0.3185218798189833
0.2798553238419873
0.10312224845487127
0.45756422819500114
0.26635766908825115
0.340238195780523
0.09394193744860539
0.09008485886219257
0.0919830325904244
0.09333739328715142
0.09137989612603697
0.08711410249893634
0.42991230476326436
0.2997773116020708
0.2457444029034751
0.0856683844742043
0.08169937829653556
0.08115622172835679
0.07799436490228896
0.07728797648656678
0.07437487141444302
0.07766852253262956
0.07705434867752028
0.07316463288991673
0.07541846203233811
0.07406888219062256
0.07447667236324478
0.072424119291989
0.07165319279167012
0.07025081669971887
0.06988739463106511
0.0691870351922138
0.06751509120881789
0.06830166000784857
0.06776104053494497
0.2404925283359087
0.06376751145955903
0.06286082765084414
0.05769168973428827
0.060392390971784275
0.05635559398558738
0.059719525021621714
0.053793818724426706
0.052238814744228534
0.05710179839681758
0.056684978948603304
0.05789858359934113
0.051406649482864435
0.05424994093763782
0.055871253414746525
0.05480978785779943
0.27704719895910906
0.051936943642689005
0.05156266974332743
0.050876779382113525
0.048967224346781704
0.04847060727704949
0.04773233356660016
0.04704858596933966
0.2158192921472505
0.04579248681733672
0.03865586693864582
0.04380008747331038
0.042625188893061244
0.041976141448779564
0.04286851426777359
0.041274983192360615
0.04162242008001982
0.20805684532753174
0.034983638557418706
0.03762822987072129
0.0
0.0
0.0
0.0
0.0
0.0
0.0
0.0
0.0
0.0
0.0
0.0
0.0
0.0
0.0
0.0
0.0
0.0
0.0
0.0
0.0
0.0
0.0
0.0
0.25178976021113014
0.5630990325963439
0.4166950438004813
0.5221869887129552
0.5625262430578878
0.21041488547281645
0.4030957861586877
0.40982299758134566
0.5182325769744481
0.3903352636228856
0.5127729845103669
0.3812945832001787
0.5349744780101984
0.19040160431484857
0.3993227958045092
0.4841244071345756
0.3922206173884802
0.4393416150017716
0.34649185210658495
0.372967188030455
0.17327617834203643
0.20197692155477218
0.4770723994903651
0.4389090906159996
0.3726585948496616
0.3303072332070873
0.3361147025491416
0.15291759391678206
0.24842521663681055
0.3623314387101316
0.37117155268339136
0.3741843855637433
0.1366226010753808
0.3689656377981637
0.13205269674996498
0.3294164097424045
0.33579716037391893
0.2527542433768168
0.3124611166166972
0.1360768651396732
0.2912619992620108
0.13972992905200524
0.28812526394871896
0.12015941763895953
0.13265883942830667
0.2995206321838928
0.20480894633840396
0.12602236460075722
0.13031879278049746
0.2661769593269302
0.12078928678968347
0.10357965298643174
0.1116629553367242
0.11128914729629914
0.3143605258565291
0.09985697119582032
0.09787250938445272
0.10873432577633452
0.10632540699401166
0.09248109992817004
0.10377556709627721
0.10007790850253427
0.09786739924940237
0.3603854800520314
0.31223337594404066
0.08724527362898599
0.09994195889436706
0.08604771126830194
0.08318639387392888
0.08356156208442854
0.0811122284861555
0.0777894298357593
0.16144836961146966
0.07618229039385055
0.07951700324282088
0.07423250370064827
0.06771809912021946
0.06303954738580433
0.05530164734094206
0.1470371948401858
0.04753662333573526
0.04769139733496979
0.04547549635298575
0.037955431383159446
0.03237233589793161
0.03431583632288414
0.03485031945326871
0.11550770566019555
0.026873945797859067
0.025850837444380957
0.022245756091430483
0.10429880449704865
0.02103039817765606
0.02049841237206843
0.019595244488986075
0.018820727437739236
0.01588583441020302
0.016722811644225746
0.0
0.0
0.0
0.0
0.0
0.0
0.0
0.0
0.0
0.0
0.0
0.0
0.0
0.0
0.0
0.0
0.0
0.0
0.0
0.0
0.0
0.0
0.0
0.0
0.0
0.0
0.0
0.0
0.46856946952739076
0.48303366696100314
0.23083115256588407
0.23964762724692376
0.5303650398077988
0.5758787742967011
0.3557847263402476
0.4516110620034066
0.23709273250774565
0.20744046765615978
0.2905695410869582
0.21645720231332102
0.536136427815893
0.515783381568347
0.4877996065082519
0.5164052479548145
0.4026381096721825
0.45450805359836455
0.1948142243592554
0.4303884730052983
0.19429576637644216
0.4095566917279681
0.2602976335815908
0.4069631327088304
0.4171726081120263
0.4172706397243452
0.19697453767363526
0.18257868155835477
0.3694213099882461
0.4312922738432288
0.26859037462636226
0.18079920006266814
0.3838636782825771
0.17267599863765737
0.18342787461102947
0.16742412667248535
0.3892780259381804
0.284846418188469
0.41882803502969407
0.4329108786228924
0.16958102755468266
0.37745092307750816
0.16573886471769955
0.506563168493721
0.16214133205889797
0.3521785397364927
0.16338988266710944
0.17616413540912212
0.3834311101354737
0.18088911022340037
0.3701143690668049
0.38773240618187144
0.3355491335777423
0.3865593867914416
0.24609790347324906
0.15992419529516438
0.1663858212379297
0.3875061877187007
0.15810876292491913
0.37944261299403026
0.44430483990447905
0.35941247594618025
0.38438243206624917
0.24330484472882521
0.15623799828833196
0.16647260859290341
0.4271363272152562
0.3629588132324823
0.4006489498819772
0.34537022909060916
0.15130256589848382
0.20790254691492005
0.21604404949312292
0.3451372541357442
0.37634748276636204
0.3489283208815016
0.3455415883521589
0.3452785681263123
0.14596713446865509
0.14656084560271823
0.34850503599777405
0.384394502519081
0.3357772291037517
0.21715122661013825
0.4142935926409981
0.3163751270047038
0.36955148964331763
0.32289778850868267
0.3650651564158356
0.3352545132908822
0.1511843920235978
0.3286106599438838
0.27114662196595374
0.13869312613724405
0.41247678222012085
0.33131375010787323
0.26864705878194933
0.32376039038707655
0.3697297448756191
0.4189921980842139
0.33620815423850114
0.35645412257762804
0.1459561188858936
0.332652409904849
0.33190627050614135
0.23149279016267882
0.37954189250045356
0.30668817370510126
0.23903706251711293
0.13292925884347284
0.3210579224519257
0.3357860698275263
0.13412902074829167
0.12827223041716754
0.38512504121747604
0.12612810419345288
0.3560376201304181
0.13459713641326781
0.12749583889108906
0.13420347757297313
0.127614204149268
0.33068482764302615
0.1367365269690849
0.1254245058457426
0.3052401523682127
0.33674905072155165
0.13241032522392684
0.12042341049234306
0.3035157829110454
0.13325003885974868
0.3334909551813897
0.1167073807292079
0.33401596541225576
0.12282065774750568
0.11176089591289401
0.3651995497007166
0.1248849981099775
0.11868025528891765
0.13828846352978028
0.29537884117274293
0.12258569684995702
0.11048712359232041
0.10309166147879116
0.2888329733013499
0.11813971611436935
0.10384742752635055
0.11037134087933147
0.30631455378591166
0.0986742041428394
0.10076402970940083
0.09804679442178361
0.3103796841909222
0.10190552046717612
0.11669560062867304
0.09167581110365264
0.08943000127902488
0.09983414585540755
0.10164367909010183
0.09694651289705754
0.1620918663973984
0.08958746185865671
0.09386325470315265
0.08749127800904671
0.08011240880122514
0.08236058513360842
0.07682365988766811
0.07119616796207273
0.06611293702032668
0.07190957108273563
0.07621762445736929
0.0723871491337005
0.06574914938431413
0.06959610687183482
0.06209137397006499
0.060433740391736435
0.055841525687379316
0.05536227277887217
0.05270136360836544
0.054603414154219494
0.0547834102666633
0.048035902521851186
0.13464175624969232
0.04876766511905975
0.0462520314912921
0.04436862640757487
0.042382312774460924
0.12303534558045834
0.03974896556292627
0.11360632391047433
0.10030500796454744
0.041713309101858755
0.029697635221065253
0.0320156799326582
0.02966930433260688
0.02849753523832382
0.03231156472056148
0.027260978560222502
0.027550214502516025
0.03952185337308138
0.10127116785393728
0.02548615762107376
0.022001386562891734
0.023339507245122553
0.018450926150866038
0.021622482974895108
0.019177749454771912
0.019102363031264585
0.017526578077971717
0.023318270446772725
0.01796255296139712
0.018285094767869867
0.013540392735281289
0.012375340604727851
0.010424863661995956
0.0
0.0
0.0
0.0
0.0
0.0
0.0
0.0
0.0
0.0
0.0
0.0
0.0
0.0
0.0
0.0
0.0
0.0
0.0
0.0
0.0
0.0
0.0
0.0
0.0
0.0
0.0
0.0
0.0
0.0
0.0
0.0
0.0
0.0
0.0
0.0
0.5301281305185183
0.4706530799728007
0.5250606328051217
0.39693788425464027
0.38471459504297517
0.3226366343089182
0.3250611488543467
0.2813800354861864
0.4459403334050506
0.4042317977871861
0.3827665349693496
0.31403432999382996
0.4300267727302338
0.3768493347340594
0.44032819710951654
0.4027402447685373
0.317068878013392
0.389586711058349
0.3169089853896486
0.2894228484680255
0.2969040253865067
0.3173127336649256
0.15630680901026045
0.25967298253211907
0.309818498623372
0.14152895636878687
0.34483005082967516
0.3082312370306938
0.37827219425285014
0.20478457005456382
0.4158854043299154
0.4158854043299154
0.4158854043299154
0.2798606367999039
0.3137806926381103
0.2856350712376295
0.3184116893846774
0.31515842655745036
0.3611295308526079
0.3196887178604705
0.3335375510208923
0.28443483785533313
0.323013162008586
0.3473385345455774
0.3003194165970761
0.3571377941901386
0.3468311659032399
0.2739763873776085
0.33643807762815287
0.3382539418550512
0.1930566722130312
0.2949155628672119
0.2069092412532927
0.3159959166187106
0.32477543237152523
0.2218751754038442
0.24192448307064035
0.29135361655038333
0.2933648526930447
0.2893790889468769
0.3010587308655447
0.2826676137753769
0.27580288853776047
0.35205743964142294
0.311431815640863
0.11332376927215262
0.26912992077666564
0.26844404682909656
0.3360891779745968
0.3360891779745968
0.2641320635818981
0.2982551119225124
0.28196395675248365
0.3042108695274078
0.29628652373876546
0.2829026618779734
0.2829026618779734
0.26548168016702933
0.11284406562923713
0.2604071308212217
0.26270447720029944
0.2659704033558978
0.2547463957189661
0.2591491905983222
0.30528695989099564
0.3435338816840244
0.2421196258470275
0.2765316053230552
0.30663284324674417
0.2660060003973119
0.2591692199728214
0.2725488427154882
0.2697838901787091
0.25248406096993486
0.23784554997270732
0.22888376732711607
0.2392217692397166
0.21931578857047992
0.29880340023084
0.30468584739083276
0.09438656798639274
0.2593804111404547
0.25436906100458323
0.24498320988983335
0.09581141064775849
0.25364493288425455
0.28114972737666694
0.2064891142714434
0.2478414121431512
0.20620642478033246
0.26170956735794587
0.26470642226070934
0.23654267639828985
0.1488144758479222
0.24858080750043315
0.2817335053794213
0.22431804116954038
0.2790325321483898
0.09383551780834258
0.2700512881866962
0.21909516997941375
0.21214721148580715
0.2509976440463124
0.24177036979873312
0.18787750266608275
0.255603514270209
0.17521282634791205
0.24764930820650546
0.23571664961012645
0.23657857102286034
0.08555863637585859
0.22218612379939975
0.16912188910668519
0.082562968359115
0.2584231665751796
0.07729679444345301
0.1871419722476765
0.3072682595117277
0.19568734995226972
0.14093562490310987
0.20761386167047657
0.07947987929535955
0.06557867750818051
0.1850579622509749
0.17451332986246904
0.25018905977024886
0.12949268429494062
0.12204231149837966
0.06151127651632889
0.2489173303654232
0.05963683295537586
0.13768222295750956
0.06716983081931684
0.05817836552339519
0.05661349379549922
0.08971786471463411
0.14084037300442903
0.04131517464910963
0.03617996496405437
0.06934279988383756
0.0
0.0
0.0
0.5701221350709145
0.38320269406595975
0.4645444678725702
0.4591629673963333
0.3741380757134166
0.3719387683670385
0.3843576830772825
0.3872366439869478
0.46846943774689226
0.1904201443230239
0.39416930419726576
0.3526250558431228
0.45282169434961506
0.336802569412005
0.36643282276234523
0.19431028656988864
0.3676412223586716
0.33567491717585235
0.23268493881645705
0.3299310597986596
0.2556654419473935
0.31647951834255245
0.3309349412068506
0.17913773666959998
0.29937495008634374
0.32962905047624913
0.15189595852899815
0.3589580945371738
0.3589580945371738
0.33049077098363644
0.33049077098363644
0.33049077098363644
0.33049077098363644
0.15838819852193375
0.31264674096409795
0.1577989665085168
0.29981255437942655
0.29981255437942655
0.29981255437942655
0.29981255437942655
0.3232980252227532
0.14256257001029196
0.28984262274805556
0.28984262274805556
0.2817094103857915
0.2748480606132107
0.3151685317031466
0.22329737249608236
0.2689164039762686
0.2636925858766448
0.13533670017513907
0.15232820400566277
0.3112048040557617
0.27509870046346047
0.23769042692396442
0.23821788647123426
0.12729004985833323
0.2930504238804406
0.3114463891914811
0.3047437958651453
0.1240374638237436
0.31331035437357185
0.1377541526146328
0.12348540022843336
0.13546853476237775
0.2870638397161925
0.2728425352199422
0.12142690152905394
0.1475144404403329
0.28105881358724094
0.2784372019233303
0.11194531411099315
0.26681202854290753
0.11111268412968506
0.2643025678789645
0.1362816224037215
0.21423721741374407
0.2436087192137148
0.2571604437131825
0.10071596701906922
0.19101388720193468
0.09669174279016922
0.235220851997131
0.09697171676061096
0.1768120296299077
0.2733282587010369
0.09368481956766507
0.09113301055673148
0.08969188120456512
0.08760920445250182
0.10277143773991201
0.0847494923916673
0.2193286348672253
0.10151949685877075
0.08222447089779236
0.08144050649995792
0.18584184898624223
0.0817083941081697
0.0717926397007478
0.07038472628359985
0.13861325092776147
0.06966481821166746
0.13373613698700731
0.06641989524021154
0.055478232903007435
0.14249425724257161
0.054848674069164736
0.048436594488391306
0.04493851088017453
0.13261047468163062
0.040800062276097615
0.1169310560512213
0.03713402956640262
0.036971147548102254
0.035001380192197756
0.03427579387353385
0.03356217072401874
0.032063189449664034
0.0936022679910269
0.01648617678880006
0.013077395033667723
0.0
0.0
0.0
0.0
0.0
0.0
0.0
0.0
0.0
0.0
0.0
0.0
0.0
0.0
0.0
0.0
0.0
0.0
0.0
0.0
0.0
0.0
0.0
0.0
0.0
0.0
0.0
0.0
0.0
0.0
0.0
0.0
0.0
0.0
0.0
0.0
0.0
0.0
0.0
0.0
0.0
0.0
0.0
0.0
0.0
0.0
0.5397114814318061
0.5237622889315005
0.5567176538686619
0.4203879684259191
0.4114210898170781
0.33997741852819374
0.5219434590758978
0.5384978299790687
0.4094411391711606
0.4155171644504522
0.3428139670684696
0.3250101359542892
0.39796053469038867
0.4006014772098697
0.19804897537320645
0.30930415608364437
0.46927060132358306
0.3132051151198165
0.30500533547860975
0.29618033269409394
0.3409901801865497
0.3558546190925262
0.4513595330758115
0.3910462477241656
0.4543529395519043
0.35996999074655067
0.28021896979052136
0.45437030553501395
0.2785529109166358
0.1699641858015697
0.2682316257694141
0.2835491429944333
0.18709561754064802
0.32780004118080175
0.4477235618080993
0.2673265855319711
0.3440065443563884
0.28142004043307345
0.34767363691389985
0.15958131350892496
0.45309073967486074
0.1655234416702286
0.3012441766228535
0.3842423468893743
0.15162790596510156
0.3905551780949517
0.3411587417839453
0.2562869976835855
0.15205033587775446
0.14311928413842237
0.4128356239573549
0.3133543296653966
0.25452186238258595
0.24860296654014805
0.32102805002840157
0.23291680322266586
0.36249051296256196
0.1330046481605149
0.36189849221378817
0.21210985673428215
0.14250347373068148
0.23244212166204642
0.22754981471895624
0.29364816494744395
0.23912806680130125
0.3440064939929277
0.19500598802061514
0.31853825623628795
0.11850679360290124
0.1260076707987492
0.3244697047835684
0.37243711506113153
0.32001185472956883
0.21032618181499163
0.11135588019389475
0.1194984971932135
0.3076307617047614
0.12896818827966486
0.32137258696572024
0.30635765096583434
0.3505473586374868
0.2903063887971478
0.31975112473185285
0.29029459657118795
0.3187575521932363
0.11646406283699208
0.3296364960991554
0.2908052548420527
0.3039698147688383
0.3094246030674985
0.21973741394753135
0.2861815030578535
0.20978733526005067
0.27207145119936693
0.29393371939426033
0.378549764383623
0.26377191165153213
0.2709199521202795
0.10826086453173672
0.2547735983889762
0.2053663186817808
0.2590362445731154
0.23216443138734286
0.2936420596526923
0.30194526599594357
0.19957965461791055
0.286673951646209
0.25238969275289613
0.09666546112395757
0.3278839199429815
0.09049955309197698
0.09116085926178522
0.09419675336933957
0.08117054581917463
0.0893242849205397
0.1470082813902677
0.07997118112829382
0.06773394979589635
0.1174500905794576
0.1601391966011328
0.12591840526705467
0.13332610664806904
0.17314160001779524
0.06449704033830424
0.05573699281482904
0.055439154891862255
0.04069619079961277
0.042986924849831326
0.028008982286890662
0.03157116134204476
0.03696320317268387
0.15651876627118844
0.031180319241980888
0.028351141298682544
0.08339838401367108
0.14064863966800656
0.5568095092929632
0.4942235729147185
0.5453384011180754
0.4786327215895911
0.45885226671215984
0.4758499642559564
0.5152634901985991
0.5149852615029317
0.47239980362818773
0.45266957104472166
0.4521668117086956
0.4607194070230871
0.510525413836422
0.4838085375175246
0.4351450605940167
0.398648058132455
0.439727293946152
0.47404676913898963
0.5108312941861028
0.4317606677635561
0.44537979836443403
0.4227125611179598
0.4211704350191492
0.5071039377503693
0.41913793856567605
0.4144234550221292
0.4384185882777814
0.4552621822483939
0.4240107815063908
0.4278785261473793
0.4216156079207716
0.42127294512034225
0.3991848617151569
0.44131724011694734
0.4628188730407984
0.4375256935040598
0.42810063548068167
0.44397158387805724
0.25952040362022455
0.40918463984374337
0.4163970864830312
0.4101726835041623
0.44816995362021544
0.449301751294865
0.44413931739012147
0.4300780021394881
0.4300780021394881
0.42738999565956703
0.4928050758161979
0.4928050758161979
0.41707184213054105
0.4108203518990167
0.45039712601445675
0.45039712601445675
0.45039712601445675
0.45039712601445675
0.45039712601445675
0.45039712601445675
0.45039712601445675
0.39926327030725567
0.46732945594239494
0.4212081635816758
0.4212081635816758
0.4212081635816758
0.4212081635816758
0.4212081635816758
0.4212081635816758
0.4212081635816758
0.4212081635816758
0.4212081635816758
0.4212081635816758
0.4212081635816758
0.3993731496261
0.3993731496261
0.3993731496261
0.3993731496261
0.3993731496261
0.3993731496261
0.3993731496261
0.3993731496261
0.3993731496261
0.3993731496261
0.3993731496261
0.3993731496261
0.4181423885542008
0.22790232581809963
0.3821345491737969
0.3821345491737969
0.3821345491737969
0.3821345491737969
0.3821345491737969
0.3821345491737969
0.4113211077330992
0.36800267355840854
0.36800267355840854
0.3560917284805463
0.3560917284805463
0.3560917284805463
0.4333590908184856
0.33990550976796674
0.2545116351357704
0.14739580316684023
0.26827220747212693
0.3478604940810133
0.2416935611363354
0.26278828253308323
0.2262157565426221
0.24028747360209718
0.40461167083758004
0.2316873782551656
0.12151087696586069
0.21726940442940543
0.31600777381370254
0.2046327330622707
0.1080419986820362
0.1036751703471252
0.21406756225279364
0.2519362199690302
0.2554347455044107
0.20274706310928697
0.15599456841233217
0.13065173720536963
0.18944044378737027
0.24582332130738063
0.23770670330034727
0.1320517735523028
0.18811482033552446
0.0828693830458317
0.18601855749564933
0.07052220605763498
0.18960290077024747
0.17663261280773432
0.16796525555712552
0.23389230252254314
0.16286724708088687
0.14302214130152058
0.1111568767418501
0.023991157932900083
0.0
0.0
0.0
0.44886793290033955
0.33794804767566233
0.5318623067258941
0.42887370662541713
0.4862904381126426
0.43820746154964896
0.4865803988004462
0.40201437749362523
0.4127474284201659
0.289786283291435
0.4106275862931093
0.3919168511991079
0.5338646019059532
0.4139829771259669
0.4728173966087209
0.3895226395633439
0.3757773780830102
0.4014677573713871
0.42329025665004594
0.2673265705361351
0.31850770892348085
0.3697338861541619
0.39834882166907176
0.1704301223864135
0.41503606583467156
0.36855590482535205
0.39559050533189105
0.3901701330850429
0.3112188587695362
0.36111109866836266
0.3824645193372718
0.27027356423388493
0.4335930397420254
0.4440852450112379
0.42941367309103917
0.3797265449921182
0.42275893803921333
0.405190997806623
0.25364858087807524
0.38800933886302613
0.3675327109439093
0.2955202018875872
0.39701296990183
0.37689643491399966
0.29754197248875086
0.42306693097120546
0.30795845841482994
0.2754719813235658
0.28408199593084493
0.36318725367210025
0.37391817577312514
0.44121064364051676
0.34917013999136454
0.36446928142080015
0.2892092257611236
0.29574169214517276
0.35100532615848484
0.38004732884913145
0.31307920983150683
0.34271777521051405
0.35326621331799435
0.38678536569048994
0.3967759180832227
0.353337527502048
0.3007422056543928
0.3562816319737228
0.3433822390469171
0.3877794820409506
0.1505368754232801
0.3578248350485198
0.2608061315251719
0.3886117842246628
0.2825977034043612
0.38506602756820524
0.2850288481185208
0.33271373155612466
0.3754742886944934
0.3144077223672931
0.35949756775035924
0.2902026160777585
0.44562071843722645
0.3662927435119917
0.262164784271375
0.25402030542424503
0.3210617687142004
0.25511736004778174
0.30564494509766715
0.3403683280576768
0.21520736459976247
0.41326890362108043
0.3017904986503355
0.37127662007113904
0.34419311940512504
0.35331131706180324
0.35945284660792703
0.19973450569081014
0.35055942761663234
0.2245438086836222
0.24489349704369037
0.2416639378576097
0.23171452450159735
0.3619216557018526
0.23019256615608802
0.2217376899441454
0.26885279381826727
0.23157401881909598
0.22835355293162096
0.225008127182642
0.31105808750738506
0.2722276574313782
0.29647786813476723
0.23909691130922336
0.11250302394801397
0.22872570002935413
0.22086118102664345
0.11106810163142772
0.2532302203235411
0.2463407044116227
0.2810225361795741
0.19818702324247217
0.18952043714639802
0.22691023009215303
0.23114041095089782
0.2026082940102369
0.19542447997729628
0.24315732637740423
0.17512928927699647
0.19723257031709687
0.23358295682180472
0.2326853045335467
0.21421913473928153
0.2177001351146405
0.07276854646233766
0.0778276529811306
0.14870125691582556
0.12491067403992732
0.06523825427308966
0.10915429495295613
0.17654818559073981
0.0
0.0
0.553431867026709
0.47881530769460234
0.31818005460237203
0.5669012995934292
0.33925712457804025
0.3313369899635521
0.42595111599147883
0.4082896855487983
0.5189800415227308
0.39658090556111636
0.4147783805519961
0.2751399922352626
0.30532185528096273
0.40792555633670746
0.17103797026202885
0.38990651753326255
0.3890981648448392
0.486200197229954
0.32518729879487396
0.4492649207847243
0.28628641174289265
0.4433128001841015
0.32449486215050727
0.2866744968014907
0.3262827454407846
0.3604869731087534
0.347033544165726
0.4161146977982418
0.26462034838575643
0.23889745676326768
0.3772185631184787
0.32969788742490874
0.24746404880349457
0.2836015749810161
0.3461588745129268
0.3385583556853114
0.2594953138237813
0.14654080736496589
0.33328948846600637
0.14388357563737222
0.14587586382550027
0.23615437318151147
0.27486522209855696
0.13692000334341492
0.35471614023857456
0.31895593365892116
0.13258387048115172
0.3605750588733415
0.3547068045330397
0.3343652326864405
0.2886731178912259
0.29931653161096883
0.22017509585879397
0.34091011612967304
0.24941050220563898
0.13341390488830812
0.25082633365798834
0.25579330861328986
0.23097469928085174
0.3629942295289012
0.3208397445092395
0.27020851633726567
0.33065479354621713
0.24335817360064102
0.2219100394997832
0.27427802102756116
0.3172302226617323
0.2647085348626773
0.3725464316634389
0.23011966896584538
0.31742097837100347
0.27858053760544477
0.21138527949073466
0.27891042620497575
0.34357902914694144
0.2909900370734532
0.23290589794016095
0.26510059181533374
0.2355990753305374
0.27891589276046563
0.22073552293324608
0.22651163517438136
0.22908536364411242
0.22386009196519366
0.21116718311442217
0.19954440488916106
0.11744293282239393
0.24715482754072787
0.2170604472477862
0.22772142241611287
0.2793253859252045
0.12465063812326366
0.23207885718095866
0.36296297439165653
0.3056894203811895
0.2115095963351592
0.2987373997860567
0.3015674428256322
0.1802095570335474
0.320835798298592
0.3071520525892864
0.20639853335171623
0.25349387966203496
0.31800275056964183
0.3279435083313506
0.22910174551043996
0.23657900015771127
0.19316873800607814
0.3035907661024752
0.19909503324050087
0.28686103079976183
0.10467259973094346
0.3032372718594237
0.23889809898001788
0.19037054982310161
0.29863078366536494
0.25639402681292334
0.33390161554265996
0.2797475586694329
0.36177636134332114
0.2815902505198857
0.32518289369153586
0.3356864046031004
0.3356864046031004
0.17048057547972192
0.2619436072435708
0.3036493186219974
0.09987400554714042
0.3010412830391029
0.2924860681712558
0.2721787047651514
0.204475001542178
0.2718303736284984
0.20955218450280994
0.20668386120420024
0.21150179121157553
0.23030183453512348
0.30771681760189545
0.2994942653767053
0.18299558600178076
0.295830049938683
0.2544492178174614
0.2649474136954481
0.24150281697088596
0.19327139020870754
0.1997606317505088
0.20777808008305898
0.25960682032690463
0.09195816255856722
0.2663736000352899
0.1103611867322046
0.09485301810064292
0.2516533926824993
0.18072733031031293
0.24864355940427638
0.18499846093414563
0.16909716171192024
0.1838402682562352
0.08819281116802061
0.2397454279564773
0.17864493426820496
0.0915342423661928
0.08518667212525638
0.20654637667170517
0.17871181370321695
0.23817176778060684
0.21188894906365743
0.1331257091449366
0.18829912573446533
0.19155658899704633
0.16280178457557146
0.1836343153199323
0.22891073809969448
0.07941168562128079
0.2461386064138032
0.255654352001782
0.17130047468346446
0.2515233817132313
0.232270384054008
0.2116683877713528
0.2116683877713528
0.16379296622100134
0.18640320084584536
0.18640320084584536
0.18640320084584536
0.16230738082824922
0.16776516540027891
0.07130704003682829
0.1704380656350979
0.24202034219917212
0.2577079659844563
0.15885701080652942
0.07961119655899171
0.13579088274644632
0.14978285208682685
0.23679814923202266
0.25017747893812414
0.21617162501317175
0.21617162501317175
0.14581194486288965
0.06450338306488335
0.19085769287873486
0.19085769287873486
0.07025258598989549
0.0677717152454961
0.1821146003284479
0.1320222783054105
0.17484776457003717
0.1507837719368762
0.15842680146059365
0.1546253736295359
0.14658825809991927
0.12488147779173135
0.22547803492794344
0.05801024022956372
0.04821935271205125
0.05075608154016593
0.03566835104470147
0.12073038512312217
0.11715461692613337
0.11006890143631191
0.11112361830324682
0.10612873648566919
0.12949861804186102
0.12949861804186102
0.09443606344524212
0.10529531843485702
0.13024539784320313
0.09486219807440875
0.022950853072534624
0.09144899440035249
0.09075106198381483
0.092036658143082
0.018508577130049757
0.07612864129372283
0.0
0.0
0.0
0.0
0.0
0.0
0.0
0.0
0.0
0.0
0.39270813038499325
0.4786378949575075
0.28970917024508563
0.3324590767945678
0.17531348640840588
0.5036718659385996
0.3010259230616727
0.3169397227932925
0.33488048455531966
0.32258671578119213
0.3547667320945913
0.15788690912325973
0.16598837374807007
0.30649078398847307
0.1497421864665784
0.2836463942581347
0.2684221549149132
0.28172217702447994
0.13061601754079216
0.29606085350418765
0.12688664117532397
0.30226249273081485
0.12294688275932965
0.26561902440300705
0.2725249481002351
0.1220564767052931
0.2670051261430443
0.26099135932117606
0.11743707210951343
0.2614534489684374
0.29869437166715657
0.268811546586623
0.2502785027616286
0.21230607369304247
0.23135490500971906
0.3183185332697056
0.3183185332697056
0.3183185332697056
0.284150106301759
0.284150106301759
0.2611427869318251
0.2611427869318251
0.2611427869318251
0.2611427869318251
0.2611427869318251
0.2611427869318251
0.2611427869318251
0.24422717911424457
0.24422717911424457
0.22661190174783258
0.2310574689654636
0.2310574689654636
0.2310574689654636
0.2187031611400627
0.22038397624526404
0.2211127418297629
0.2759540714602071
0.08811919737753783
0.08666738742555151
0.21742541453233427
0.21985841020717112
0.20888561030972758
0.22320892201379383
0.21290697469419922
0.08042554061724078
0.07834458919171494
0.07869113080996896
0.2266004399817846
0.19817168380388597
0.08242306158350342
0.20437489438287684
0.07296536830549259
0.18878911917086577
0.07010950150579578
0.2279426194717523
0.06767982894146994
0.21348683330721044
0.22004474872941793
0.06362891737188585
0.23337598261533954
0.19840101528534854
0.05638317901209754
0.056021935153677135
0.17669493784852974
0.05264639512046062
0.058461254572592714
0.03174468410904211
0.16110939184408934
0.03326444604117083
0.032347753458209484
0.01669083865375716
0.0
0.0
0.0
0.0
0.0
0.0
0.0
0.0
0.0
0.0
0.0
0.0
0.0
0.0
0.0
0.0
0.0
0.0
0.0
0.0
0.0
0.0
0.0
0.0
0.0
0.0
0.0
0.48493380928792446
0.5113540934398128
0.2658955907751017
0.5512326970059916
0.46352990211977874
0.406914442050922
0.4207115338865102
0.44378345263415886
0.2072331526739613
0.2742429168359211
0.5152136546951996
0.288916685875707
0.3074900508064566
0.19347261063580773
0.48028475665167114
0.4705589887822908
0.3087846501874261
0.33237984461247677
0.37614223108742667
0.41485684202409867
0.4407738054334711
0.29651393281132843
0.25901637634942876
0.34283631340074605
0.3447701495551839
0.1674162293342954
0.24566151579525203
0.40763566187968153
0.3630635731152424
0.36220592177775446
0.3604912526962905
0.2509639457936696
0.3427781075377423
0.1801117641018992
0.2536021956429977
0.2312608004908778
0.3909270800736532
0.2600972342555247
0.25898907132680166
0.33706909822437503
0.2322270458161953
0.37351335913698036
0.2535394127145738
0.35027867781603594
0.380752506793064
0.2606883983483455
0.31693568884467527
0.288061860026218
0.4604924690323996
0.15106252366008832
0.22162385271142976
0.4062708667848279
0.37408284344586207
0.21552640131378034
0.24789062749879504
0.24874131173006991
0.25199662898306724
0.30664155663381365
0.32998798916953087
0.3351980486314
0.21947034614581298
0.1729978414932298
0.29271898494609433
0.21073442885964985
0.2657863045804594
0.329190894661076
0.1967670718560345
0.34117958866263703
0.21840586707093707
0.3639316435184846
0.29950512133876933
0.35512369144779
0.3366317865851192
0.2856786940821836
0.31030869659036586
0.19968281341600824
0.20043697695197774
0.3514188317760363
0.2155868100414448
0.13216529402675978
0.3382185867100371
0.19929300654745521
0.20188056743816124
0.26182061454769706
0.3044853918099137
0.1336720004780266
0.3246962241091974
0.18058142755920734
0.32542739596337633
0.3004338826033182
0.19926150549681582
0.3201778647127353
0.3089689148169003
0.30685605702261637
0.3097022572143586
0.17631881903785945
0.24420704396043363
0.24192098790404087
0.2003769353343913
0.28093027412973265
0.18394919201579396
0.24796323084676378
0.3429747257813477
0.1746031552420496
0.250681683817573
0.18581605741705595
0.19810393153476746
0.2534599635016397
0.26001375839827895
0.262024186286359
0.2628413284262552
0.2033741809013033
0.15783056479508892
0.1913294233319487
0.1503271960337603
0.10024405302580239
0.16842395523727482
0.15095378933505577
0.16869934556040705
0.14042996062478846
0.25842088019390186
0.16310224777580312
0.18058362697218192
0.087529243915737
0.16280400418649063
0.07975608046459287
0.16691159737395167
0.08243490454585495
0.13675541703805053
0.08106879949992282
0.17320749291607926
0.11922897942707532
0.16783092977540684
0.12448770722444917
0.160184319105675
0.1564540782459296
0.050467797693455815
0.11762535254552556
0.08171901531018674
0.13430664498013709
0.041854139593723735
0.13839472367276395
0.11271657362487225
0.04120592752134099
0.04252250499258155
0.042682056039637144
0.13125630990409828
0.09470662596454864
0.10662295631398515
0.10756829180573217
0.09569742266009773
0.032519121672541194
0.09477547268827385
0.08931034244122131
0.07289299776995126
0.002952401017672787
0.5711971602948172
0.5091134936722287
0.3616787917478342
0.5394421045205191
0.47533569210418064
0.46532884455495377
0.4214046647673604
0.2782084141128304
0.43261664455331045
0.45466365619181404
0.42938961353593774
0.41643768822817806
0.43263589521626755
0.40105516436473515
0.40105516436473515
0.40008606698112753
0.42066911093578163
0.3171736245055247
0.40866007559680245
0.39607791921150326
0.4216325879907624
0.36005961220461796
0.3045328372161098
0.17608004089904356
0.3810855678042187
0.1683931287751944
0.414566137539566
0.17228928747941663
0.2789011943940519
0.16455961788306786
0.4631624725929246
0.27414866222387374
0.38709037080040876
0.38014882144530776
0.3949351309362679
0.1580066126589922
0.3754060805362763
0.2805654404272701
0.23371398549518074
0.3712813310570342
0.2715016304974349
0.15508477825503775
0.3426990932026469
0.28242957091741266
0.2523017334171264
0.141801356224301
0.21526161106242958
0.3371483474955644
0.3394281858008667
0.1408397988485102
0.26921781548850465
0.13364527999838613
0.13718315566812544
0.13282499578852391
0.29133229559645923
0.12889668136008697
0.35622235929128665
0.2686027094502875
0.23318528098388347
0.23979921912170538
0.24068046079556202
0.21845323525994037
0.3048776613862761
0.22952734498767063
0.2749879582269005
0.22756911540471172
0.2561990168879019
0.12359509540489808
0.23587554525859103
0.2529028526572144
0.23278310881996148
0.11685501004925991
0.23566711245586458
0.24320180682819095
0.11568283864472428
0.23700668841258557
0.12926501987068284
0.1133521306201936
0.2893353019056633
0.2893353019056633
0.21957512630569676
0.25692282237264946
0.25692282237264946
0.23405926113402215
0.2374143290827293
0.2374143290827293
0.2374143290827293
0.17704932696776393
0.11205359231081435
0.2197026683307292
0.11031770745911725
0.2135492901141301
0.2135492901141301
0.24796879344508418
0.19802516522588562
0.19855234972261254
0.20050208330326674
0.09176091645468418
0.18775091561224144
0.21503364836418337
0.10762009186257002
0.21645764725595074
0.18711292733965107
0.2231177121215241
0.20258192005015913
0.21573622757752722
0.21434399785112002
0.2110219269087595
0.20639491490130027
0.2090336235181564
0.20261840788247423
0.20126790304764933
0.08562096065309147
0.24494816568599576
0.24494816568599576
0.2036157045913947
0.22560608659534293
0.22560608659534293
0.22560608659534293
0.22560608659534293
0.20933219273722625
0.21216322412413274
0.21216322412413274
0.21216322412413274
0.21216322412413274
0.21216322412413274
0.2043280303303098
0.20200860579166044
0.20200860579166044
0.1939149672355059
0.1939149672355059
0.1939149672355059
0.1939149672355059
0.18046651739545877
0.18834714059797353
0.1872192785895177
0.1872192785895177
0.1723411380279972
0.18152672669513273
0.17314682725800215
0.20232645404586538
0.1765850364229872
0.21378888738955037
0.19188660329025886
0.1683265873445862
0.18490219515435485
0.2077710733764407
0.18508721947638693
0.08727901795645497
0.08776781119991395
0.18435259479774144
0.08367460786490703
0.20140874863041455
0.20066281353138368
0.08633367785036697
0.07518328885658815
0.1840653775953421
0.19596131682314225
0.17900804020442482
0.08979068688228117
0.07560570743797561
0.1879433451635174
0.17265324183565783
0.17172454392879494
0.0774717323629534
0.17318672705963278
0.1518171978542271
0.06504730219888913
0.062206227738348024
0.050947109837354586
0.15860045172560377
0.04841903447002214
0.048963175705319856
0.09826075813846648
0.03968439661355273
0.02636754045214428
0.02039401228082394
0.0
0.0
0.0
0.0
0.0
0.0
0.0
0.0
0.0
0.0
0.0
0.0
0.0
0.0
0.0
0.0
0.0
0.0
0.0
0.0
0.0
0.0
0.0
0.0
0.49826116295627837
0.402067627826608
0.5402626647348114
0.5789511952451223
0.5272556710180696
0.34876256535157624
0.5500459193103151
0.5111294763333778
0.4894128054426756
0.5409987007218787
0.5226326381617942
0.33925009164849657
0.5366945201900426
0.46788542944834893
0.45247912787703803
0.357787682751376
0.34348738097250286
0.46652148189950965
0.35787764941638284
0.4567435380852287
0.39193756131775326
0.488423088654803
0.4021019249806879
0.3284368098849639
0.48483644651773206
0.48483644651773206
0.4337712119897935
0.46180706292391394
0.47603149009407686
0.3636941864597087
0.44302183466362144
0.44302183466362144
0.2933357251919672
0.42725771439963145
0.3251678060116302
0.27893409447484757
0.2922156954066922
0.4019421685561257
0.3085673265469543
0.40941543758023335
0.30655640218241265
0.3483036068966979
0.17402671620774102
0.34609917477089525
0.34609917477089525
0.34049158651661376
0.1774498949320246
0.335241837874791
0.335241837874791
0.16373066903763928
0.29941848858181835
0.3082341335826699
0.3073142645022583
0.38977833460523637
0.27977020724482327
0.28580666584795006
0.15955294103640802
0.2972777069119876
0.16272555451686838
0.2607989832476971
0.2657153536013603
0.15406270591152726
0.15040358951506816
0.26437514852282745
0.15042818981171752
0.15230688359294656
0.16074981799345325
0.2579563192539423
0.16086643508890203
0.14640886834595615
0.25153336161814077
0.13959948745555187
0.13895674867922456
0.14001306691929905
0.14022282772250744
0.1397201794838479
0.13889102199421083
0.34017856462683943
0.2664838474119046
0.13295374045153902
0.22833014841923382
0.42872923044617517
0.36724481413202464
0.12549482647763088
0.21255902639446356
0.22261304416228894
0.2467194631933666
0.24139716683098417
0.2291542734169664
0.2844681331880799
0.22657208755699515
0.21182301623458447
0.24133362268472172
0.21378734576072347
0.11663875689189944
0.1973924620423421
0.20353244031915355
0.21861022495412857
0.10903217773718421
0.22264410183113462
0.10820676291336777
0.10814457998825519
0.10849462285015282
0.2225803664054338
0.09822529987823636
0.2002253129586844
0.2150066412686829
0.20232530035839055
0.20696587993105584
0.10506320019137903
0.1977572132673544
0.30294793477980897
0.09381698172976072
0.09002675372069972
0.1936075569341349
0.2227229994372272
0.2298083616614246
0.2576413295974663
0.09071675625543098
0.17322083482346215
0.2008645735876225
0.08743504336319
0.08644568214418567
0.20001213092749703
0.07739764248591836
0.17660446704568344
0.18002175887083638
0.16719457058289008
0.17901740615052938
0.0790069777058625
0.06424726151136448
0.06439171100023293
0.12846037463843293
0.20185499960195266
0.15429989641333614
0.0717741321914859
0.06377683598272624
0.04866102442974414
0.04515886743769919
0.04294899479916816
0.04002580291606212
0.03505420981526284
0.036222107612732125
0.03271475086248754
0.026381560955875526
0.027831784618051206
0.02649091555845324
0.0252829901794544
0.015855722030324513
0.0
0.0
0.0
0.0
0.0
0.0
0.0
0.0
0.0
0.0
0.0
0.3419295996236325
0.44939413822128743
0.5627865574397989
0.40166050109182144
0.29216871153451107
0.5670807617096415
0.20600404481534745
0.202979381137751
0.3113709432587908
0.33377014887717277
0.2905382011538125
0.314103700875204
0.329512218433975
0.4310735054404067
0.19147268613457935
0.34581113341200076
0.3788786588833928
0.28591612396037935
0.36718994997275695
0.29846014678813887
0.26734175126139087
0.3473256064648744
0.26418048873150246
0.2969003911186711
0.26137762633716244
0.26545236743692596
0.3160143620561123
0.31071413178369467
0.32377906265429546
0.235061132468222
0.23968749866638045
0.25257443378443223
0.23814965873755095
0.24183977699362288
0.22986860398578546
0.24694621549377124
0.24727472557366897
0.20679601242177903
0.2395067874629258
0.33227049222653976
0.1333044766215715
0.237611436798037
0.21829643010900238
0.2978048424076899
0.23251326161323138
0.2815057197896612
0.3047737929781371
0.12722493914665636
0.291862740576055
0.12028622105102789
0.24092727892419172
0.2790461921123366
0.2063413787796336
0.21729127957476357
0.2003275137290021
0.2625676291185929
0.11219876460201669
0.27716401084508546
0.21560735985468824
0.20094025200329876
0.17525832002219444
0.2532978478178941
0.23414935853670826
0.10184284208981642
0.2590175857955724
0.19018670613169314
0.19165377423373295
0.2460298234894148
0.18467715420454864
0.20802857763844143
0.09255771886906128
0.1021683350982439
0.2379601023943077
0.16368137448134018
0.19775916861742862
0.17070227217743816
0.13222378806537124
0.15871962325787806
0.08032446649574246
0.13810575144127157
0.07042610655522408
0.1313933873591526
0.16751117132296864
0.05956710890205512
0.06003451563822865
0.03623824113125579
0.012985026787976668
0.0025740092435739327
0.5166372700952281
0.45956820165214585
0.45956820165214585
0.3925964061101691
0.421447716790137
0.49437246892841324
0.20164800404335342
0.18909236304846427
0.39574196785551446
0.28089739930636065
0.4123672561004807
0.2795053654333926
0.39363123091169305
0.4739879791365838
0.4327372822626914
0.34345129720482453
0.3832691959576404
0.3832691959576404
0.3832691959576404
0.3832691959576404
0.3832691959576404
0.36660509501723504
0.37996436366560576
0.27914293475321955
0.3529652756583515
0.3238721349473697
0.36558078706602
0.16513703872128316
0.3865510673070898
0.2316293054385734
0.14653618591161366
0.2914146450647913
0.2914146450647913
0.31272367916557303
0.2842973627686395
0.27663439167700016
0.28189253654307767
0.15540105883518746
0.13776752895216207
0.3842365102796362
0.323943952894675
0.20990874951595764
0.37411311186586477
0.13010855150747488
0.13449075491930385
0.26170934959255904
0.2555359982370068
0.12704786235694665
0.13239314291962717
0.1916599443590047
0.12686362338552112
0.12090515448980146
0.11698003036593098
0.11925032303934716
0.11727368989718429
0.20921354128915295
0.2187889480487074
0.12412339899073328
0.21592324063440457
0.2897146821163703
0.17230640800859548
0.21217291265175017
0.22884047250228445
0.2084158591808507
0.19041239966485463
0.11350896081251557
0.29429214142033255
0.20380070324985858
0.11508429321335101
0.33859184682946764
0.11258540285004359
0.10361301862720433
0.19238483402251896
0.1679450259541149
0.21741233048259956
0.09832394319078089
0.10066575750596657
0.16929748237985082
0.24250798708567164
0.09939110494273853
0.1620211692939827
0.09667221201346927
0.29061031288086114
0.09238829985095465
0.2761234620981386
0.08094186221244172
0.07799212785086324
0.20755005191129874
0.20661517090573056
0.07482207127364998
0.1453158690240191
0.1707927897021409
0.11417785064488845
0.06621407154428513
0.16253074024020203
0.1605120262744007
0.06366905200839343
0.1646707481232436
0.18943315406225952
0.14448653226166372
0.06162906729836429
0.1712916771687051
0.05378037351128598
0.18264643882599116
0.18264643882599116
0.05719014824293761
0.16842590172861216
0.16842590172861216
0.12420634122202218
0.055608306858467245
0.1484829482821951
0.15775376908801753
0.15775376908801753
0.15775376908801753
0.14929271292894183
0.14929271292894183
0.16752866430317348
0.14232306906841852
0.13641851320731177
0.1501594833080782
0.05200155005039582
0.13130766044019235
0.16829907914673378
0.052731875069409476
0.05251261304307323
0.05463630668807799
0.11587618484986513
0.17326452468448578
0.04955886479041985
0.09401576133235867
0.1251529706540151
0.042371196390130525
0.037500689259622175
0.03889127166772229
0.03840757375537059
0.03753495677505038
0.03585317269883705
0.11477597469887274
0.03761057774486157
0.023151732647593203
0.0
0.0
0.0
0.0
0.0
0.0
0.0
0.0
0.0
0.0
0.0
0.0
0.0
0.5317027462493477
0.417254071161298
0.40194501243252834
0.4795203240991306
0.4659072040342483
0.529760328162513
0.3724266397805125
0.5168345977506428
0.4009220505816485
0.3279538148706702
0.3009476011367091
0.48950307502212476
0.3758195941853062
0.38232357354478014
0.44296627166819147
0.4568985825964771
0.4443122586088526
0.3704367652939437
0.33412298376117006
0.4169610563432948
0.44656451843226197
0.43842475312473295
0.3711123604988498
0.345156047632901
0.27800944439400677
0.3793228708024972
0.3802822345287034
0.4491611080664076
0.3746731230640688
0.39592237500827815
0.4343963232671303
0.3808216959685336
0.4401067753004984
0.4158453966662842
0.4158453966662842
0.4158453966662842
0.33586177084554014
0.400271057218625
0.39898175148471393
0.38603108971965056
0.2714514693590111
0.4540455484266858
0.3839360150759098
0.2831091934663827
0.2758670537856354
0.3649693476400404
0.3649693476400404
0.44354684263501004
0.3405908228926309
0.3922916011167463
0.3757661345912269
0.4698020142411278
0.4336495446966077
0.41349014565514075
0.41883831885148626
0.3261180763991556
0.34500746647405633
0.2786927998903734
0.36698109371981197
0.43120786052975174
0.34310472461178126
0.32066100748488274
0.4080551540018222
0.3756149011921814
0.23055805398910856
0.32856935916459773
0.40697307082067513
0.2533551277930665
0.405481776278417
0.48471566327365845
0.32307899605785295
0.4589440454059972
0.2542893398351539
0.3086571551037828
0.35256687819264
0.3926982127776276
0.31056374508183615
0.3594574807028482
0.15330690080459208
0.4551509482218532
0.4332958708310286
0.32274665518413914
0.42634156872791423
0.25714070920885435
0.237178750900597
0.30589638520203954
0.14970541585909322
0.34497713778587524
0.3269448292417216
0.269821120982301
0.3713119150579991
0.37880881579419595
0.3212274552303246
0.4146561847244586
0.33888600895793286
0.33444955923967945
0.24279067273265392
0.2590208971271694
0.3145577041195323
0.16674413886602535
0.21128830216812636
0.37573577139728137
0.37573577139728137
0.37573577139728137
0.33167617213737677
0.14673140087221698
0.34855216017320817
0.32626404744977494
0.34969309996930975
0.2542062042024111
0.14102299469866558
0.255088650712902
0.33140119082088104
0.30966867811581866
0.2291235091800022
0.23874939887388436
0.3244964626236537
0.253907460889585
0.3084817827053394
0.2269242711350018
0.30720506926852303
0.3238245760569014
0.39054264741422445
0.3116539341253711
0.32973395624800733
0.333898904405675
0.3295749965017578
0.3441322425331259
0.3441322425331259
0.3168465805409872
0.38557748467614994
0.3027273046386993
0.2902549950274528
0.13728703613727036
0.30827912170994287
0.30827912170994287
0.30827912170994287
0.29386502835469147
0.21371262958378912
0.29526572733093215
0.29779111784511536
0.26446332321292404
0.20545827000896671
0.25936391439985823
0.19122865605663997
0.12510289782253858
0.31838910843462787
0.3004582305765398
0.22836241075650288
0.2989559930944552
0.22184475507109103
0.3914538990506646
0.2259997752359901
0.2808846848922672
0.3932135471060363
0.3183946562051871
0.2142140540720741
0.24624240320879695
0.31693390346939593
0.2957684389390598
0.22239393949539582
0.22618652955542912
0.32917899222641833
0.2655211905284792
0.3202191112979613
0.13374816120885355
0.24509627285071778
0.14571963379061204
0.32474523283573153
0.14335898165325928
0.28938160994153994
0.12701018904229103
0.2608835388073568
0.22904084598478883
0.31511715186438066
0.1316085154465516
0.2854436702409567
0.3043953077584036
0.2756667003985732
0.26578739278702906
0.25703988802186023
0.27627577413894444
0.12009994860206585
0.21944699401966092
0.2256904521718119
0.22259463656676387
0.27791863887531065
0.20365219446791935
0.246246567412053
0.27613767288291147
0.3020006416404658
0.25217744110568663
0.11457026976680562
0.270282672976482
0.30580121917939
0.2741649912818962
0.12809854084276487
0.18537405114677363
0.19200286066541303
0.12064017053130197
0.10999564904283765
0.29393037633816493
0.24419646475324708
0.24327219109072623
0.1294418451437763
0.2395060218692985
0.22541656839218746
0.21967328051683485
0.18333818088499795
0.1920832879419784
0.23317522020341427
0.1229056457077926
0.22050748576512907
0.317638306168384
0.19186803473916347
0.2010134840562665
0.28351323951234947
0.1621981275793111
0.24943223774682574
0.17527421153873482
0.17487375041505823
0.10360168299475991
0.1011338849949188
0.25200286696748736
0.19058535703049354
0.16348552131789168
0.25075268232875375
0.17218673036454665
0.1533278097395325
0.18263316538630922
0.1918806562892949
0.10530920489277715
0.15361458296994907
0.19013522281085385
0.09671395388549348
0.18706693512540773
0.09551739809565522
0.15450661002368196
0.15715281009556725
0.26897883606755063
0.09484706413066601
0.2639986647047197
0.09097135098059332
0.1808986095893914
0.18401946230816424
0.08902347783309653
0.2048864415942752
0.2388500726806873
0.08676898340654891
0.1534553284347199
0.17673384177792179
0.17593555552182497
0.21435752110949108
0.09320364008576489
0.08394360931505061
0.18256153509909195
0.18256153509909195
0.20663891890085087
0.16345971912394408
0.13946809678936423
0.18331987183581208
0.14462021607580516
0.15677714190281886
0.13989440713713489
0.1559421979424436
0.18455533688533932
0.1420355309355923
0.15552246089447347
0.1768169285038232
0.13607311481773474
0.13274430082583807
0.13274430082583807
0.12618499525423596
0.0606661313231327
0.12755416145450493
0.06508234519387562
0.05760670439933388
0.10374030090830656
0.11906823077166427
0.12850403141301564
0.16728756509599269
0.1271997349930415
0.038186351749471346
0.026536978658738167
0.01954150762624424
0.00797130413732968
8.300980030533049E-4
8.300980030533049E-4
8.300980030533049E-4
0.45568824837767175
0.3939490553494286
0.311658097571526
0.4856586468416421
0.4488028776790094
0.4876176380895962
0.44241253702983274
0.3597871452940173
0.2855186950341169
0.45349476542679223
0.34414474254681043
0.32214242386336106
0.1946921265743389
0.4708077464359464
0.2933675927174797
0.3936378379300946
0.1814201744799465
0.42036924352457006
0.27928944498017283
0.3500454274031572
0.2997915123594953
0.2652579539118099
0.3756903398718799
0.293266046856785
0.3542091542359498
0.47302038895896115
0.3602045222137808
0.26493487826942863
0.3645602010923302
0.2489298550520926
0.38820433368469015
0.3210056304601911
0.36569833365187765
0.3221030087149442
0.3136403363601947
0.3349126704032034
0.3349126704032034
0.3349126704032034
0.3349126704032034
0.2508862309688761
0.26856280021585316
0.3076074276521444
0.3185306348189707
0.2656757048310303
0.2215565490559331
0.3302684205520215
0.2526094248821992
0.22627331056428682
0.3046847799741088
0.29143490638435043
0.31867858881215544
0.29725869904156155
0.3201520064997979
0.317993196399198
0.3020813137083942
0.24732086904046263
0.31761896096733244
0.3245366327631142
0.3259267109105778
0.3013489858239677
0.3508170470372192
0.2139411003844574
0.2939121374305763
0.3148773897209828
0.21676343888617441
0.24747562048562544
0.25481420684040196
0.3275193617020182
0.2251638837014161
0.2395106092913874
0.2808694212291406
0.27359456509844415
0.2652556864691755
0.2892610587111289
0.2277882401484331
0.23393577288992892
0.2062518519526712
0.34776009845107203
0.12792839822317428
0.19028998661396188
0.2900319544040897
0.24394404461318567
0.19633692148670287
0.2759610793381605
0.1702156615158329
0.2823942273964974
0.21783046049944918
0.2222049957710803
0.22895929830504835
0.20787450321472606
0.2963907046449436
0.2839801659186924
0.26400071277736487
0.17917119129393708
0.17448623604347013
0.20545925852183838
0.2867633471830045
0.3006236521580269
0.11937435286058784
0.20988649838663578
0.2829008977511838
0.23931329761665024
0.22648275736135304
0.20535101997844138
0.19411905856461203
0.2290988849118042
0.20502833364273282
0.14577965887031782
0.2657828031538551
0.20599746024279694
0.1834285208063717
0.09984477897712725
0.2094330190031057
0.23290778944907953
0.18543176326873595
0.17985175536348696
0.19543445438679274
0.16714100354237219
0.26570287075830257
0.20198395115912218
0.08960123943927556
0.18923849154707173
0.1835469911804501
0.23890229965347787
0.20051507784264797
0.08494700342613001
0.19643598246260977
0.18714696929580488
0.1552129322416495
0.1550644865608277
0.16122999892692466
0.16902909249001782
0.16168142121549026
0.06984347457753874
0.06957633139430704
0.21704575471416293
0.21704575471416293
0.12678888830821677
0.19038518525913412
0.1740177374033619
0.1740177374033619
0.1740177374033619
0.1740177374033619
0.1740177374033619
0.19870342531285604
0.15354786790813799
0.059129759353311336
0.14636859686452405
0.13672022334082656
0.1388022749225315
0.14837977372314995
0.12756511598491024
0.10567748169477648
0.0
0.0
0.0
0.0
0.0
