7.26968158077
8.599240440482282
8.02796521689573
5.248815949660063
5.768974858629456
5.293064280667165
5.690338352490197
5.532758628905174
5.6868138505952
5.556796852178202
4.019713941048189
4.657719574660714
4.799486294104889
3.9625994755739966
4.618269519897082
4.508128911627785
4.841815566383857
4.021180591269054
4.899237420772317
5.455433859379816
4.03009133163001
4.243017789748469
3.6409762472720932
5.139328873500305
4.600225162594615
4.544165448121248
4.327812295189709
3.06808329759585
4.6617771206069465
4.555278295344116
4.516609757088981
4.631579351660378
3.035840333486716
3.794070465946443
4.1145591169455695
5.134908692026956
3.962684202413845
3.9808016612975994
3.8946729227499475
3.9456723075293203
2.8804374404690303
2.895696238285992
3.038336147087101
3.8796317598933574
4.013441990328725
3.9757333319177635
3.086974535185989
3.8795089006181733
3.0153220699277776
2.8672702266563976
2.8672702266563976
2.5742308834936076
2.749881920703489
2.749881920703489
2.749881920703489
2.6532208420142522
3.617929505999203
3.5233783382638073
2.55420190426206
3.5077899601931053
3.4437764264371533
2.847356182543522
2.7705222505092753
2.3827516148730488
2.5007591825744457
2.3326675474693657
3.3881181106796254
2.4604744899625945
3.519158815469958
3.4737378477223566
2.3489914466241935
3.308813227560337
3.471528373595759
2.6802876511551963
3.3726314681624507
3.4537302624904984
2.4805533874105574
3.101271130275309
3.296485277012196
3.1362754086860365
2.418890931514525
2.2277144898162464
2.375627820691707
3.3154713301152485
3.0615190970680253
2.273341111965621
2.9945374163688268
2.1493658777638878
3.144144025116869
2.251493113105057
2.0858455506646334
2.221602867969081
2.2677823265759196
2.089156187781374
3.435985831809227
3.4702331479880275
2.118883943769999
2.917397892771327
2.2288195873999017
1.8597646843617486
1.8493803624024756
2.660604955266787
1.8030174961392988
2.4016554450491396
1.8838903157291396
1.8212348525310573
2.6258875960452315
1.7747882789746101
1.733035448192417
2.770913514735915
2.2091271935445924
3.052120882451013
1.9479086842612807
1.8537008116197362
1.7320181612935224
1.822896002201305
2.6727074893593565
1.6335042094577308
2.653521368249901
1.8370772962193354
1.7942997764538384
1.7870210675503029
1.777151846657404
1.5603858112355904
1.8134433688027614
1.6628142466786928
1.6863626852245113
1.4400512102303633
1.4639771999353854
1.9527656931561974
1.5493745938466439
1.3906404123799228
1.4584308107167399
1.349054965437548
1.3035011565073271
1.2906829282447985
1.296650356164094
1.2970568677542706
1.2893697153938148
1.712038021819842
2.299852091217502
1.2794220820973021
1.3032073624289655
2.08704464221534
1.2258737095744086
1.220578968411804
2.0938648636307713
1.3783426057201966
2.16984903531091
1.1370907272679258
1.6415908383548699
1.235598892230892
1.0660116870347043
1.0532402047405973
1.065543342742767
1.0333932841677924
0.7595485694096773
0.9163228473973091
0.6020642874972267
1.0272483760947486
0.4975162272166919
0.3980400010142019
0.0
0.0
0.0
0.0
0.0
0.0
0.0
0.0
0.0
0.0
0.0
0.0
0.0
0.0
0.0
0.0
0.0
0.0
0.0
0.0
0.0
0.0
0.0
0.0
0.0
0.0
5.752760537850344
8.168160795455021
7.47552616915045
8.060325590183123
5.740558137313207
7.183477305033306
7.020565854421201
7.232425590148801
5.082497252471889
6.44045491171562
6.429897144033029
6.28089784028556
6.416129954624536
6.381833987927148
6.698497897174197
4.74331680234062
5.037895070569023
6.305334515410879
6.19746873758173
4.601658730728921
5.582930075036885
5.569688679509159
5.885255458345381
6.4444005244125835
5.612259677250302
4.335540471969639
4.226094921342227
4.882213660579918
5.007669869143738
4.31149680419285
5.810987183713281
4.615001539507482
4.118677381426083
5.040016239624142
5.0381879945773465
4.801304218204544
3.6592424173148435
3.5060521121497117
3.4380013144564896
3.3953553159772003
3.7693878018064044
4.5799209096586075
4.259537577716619
3.7144835579952007
3.7144835579952007
3.6369376988269324
3.3817705372616134
5.238981347234168
4.031713723824229
4.186194890845142
3.2518679364787237
4.687170344474443
3.4974084372553778
4.606043979267347
3.7036347672569634
3.2254368660969983
3.180088994093045
3.5688741206726884
3.6150458045104195
4.738665161325948
2.9537510605722592
3.2441255251382097
3.726523763919127
4.3752749998410225
4.30219532803768
3.3774155793279568
2.76504380414457
2.932938889369299
2.840340454852877
3.7192403034895944
3.755818196239048
3.3184745537573193
4.098348008685437
2.81698036596198
4.011815924966297
2.6541027591573596
3.445051052160305
3.1922164341557853
3.161390691222385
3.367471052028918
2.739525973157153
2.697214148218908
3.549075220862319
2.3397322376426306
2.941625645880399
2.429021340779316
2.190092564803235
2.470929262043334
2.3140657410470733
2.8505277690660367
3.1093754401915112
2.9273214657872475
2.291593400966674
2.127599509918472
2.4563272560334446
1.8991126270904375
2.3244473337816736
1.7687904466940145
2.0026028197901184
1.946948007823383
2.802633031639603
3.2545659031895795
1.673653835540402
2.383692221695606
2.040500216490228
2.0964645105994433
1.7723385063367618
1.4892240775962347
1.9602935430421287
1.493854626812312
1.7583722595096583
1.6992195113104058
1.4434266204797237
1.4133922473776184
1.624868579804423
1.3055971719451989
1.2976546638040756
1.6126741155266733
1.1448876648384037
1.168276176856547
1.3505980600770646
1.0094168810515045
1.039666233592886
0.8181514250292704
0.7699634197218821
0.6850880151982573
0.4166285390465212
0.0
0.0
0.0
0.0
0.0
0.0
0.0
0.0
0.0
0.0
0.0
7.853497585859379
7.087167313585262
8.39623032160578
5.899380481374184
5.07874259235005
5.929155319544537
5.616569989677188
4.094410898883645
4.696037907231422
5.990429241817601
4.1134976171832465
5.656807219704009
4.07987742448459
5.072311110167192
4.755765352479896
4.863774573706999
3.6651478496763596
4.304338712357323
4.304338712357323
3.536365415629921
4.357340245531472
4.379790890527138
4.222677469949968
3.251462135135841
3.251462135135841
4.172482945896496
3.698395414707159
3.097034340357649
4.173382480055404
3.0661636320525822
3.8874920801110497
3.9495959489370502
3.141262638529572
4.041389077008093
3.8199141603172047
3.1211136211836736
3.1956185213077815
4.166235568335068
2.7574352864059364
2.7484614072297604
2.7401633921215423
3.43048346859229
2.6106773441660702
2.606051598880593
2.596318759571124
2.5649950008470435
2.7611167850723235
3.7544396062893006
2.4174498361555723
2.3479917976288105
2.4931940813517315
3.299966599986845
2.880857769493499
2.3952877174338796
2.325329149141875
2.267438741762042
2.817637650248852
2.9651064587334117
2.576800609059289
2.0905571219679513
2.1399849783605136
2.1251697840900117
2.056570144072754
2.92532167193358
3.0015237624397955
2.08699249763522
2.028939392967805
4.7019373638766275
2.361509801628384
1.9786505348606884
4.094811485406199
3.448029947804062
1.8571252635961288
1.7782331254309383
2.127103552607408
2.15140231957875
1.7005242656059674
2.2978515683956995
1.7124900490154382
1.7179189428812567
1.6991736976037948
2.944319421350343
1.6538538400551064
1.641227132129714
1.97523905104201
1.622336255088453
2.067601010357343
1.6287358928900268
1.9388566434723111
1.6483788856750623
1.5724341013701812
1.9732167519513628
1.5403109041697935
1.571043083028683
1.8840996372466938
1.472131912922643
2.246339024009012
2.674111980124601
1.9295874205335948
1.43453141037444
2.106151396905151
1.418263682184927
1.3167042584104351
1.2909556798711646
1.4419701877607878
1.538142469765095
1.417055718853428
1.2394746822398217
1.0710218268838763
1.6305329274481153
1.065513687292793
1.0278052155524375
0.9968107443651064
0.8476892448107183
0.8458734336747086
0.8210845172045715
0.7952605123110223
0.6132660350927841
0.5255059145088689
0.5302600278903167
0.0
0.0
0.0
0.0
0.0
0.0
0.0
0.0
0.0
0.0
0.0
0.0
0.0
0.0
0.0
0.0
0.0
0.0
0.0
0.0
0.0
0.0
0.0
0.0
0.0
0.0
0.0
0.0
0.0
0.0
0.0
0.0
0.0
0.0
8.43532240573559
5.251757693227524
7.5066165765967785
6.379217393575719
5.6218477599521215
6.21892999424212
6.174779387076612
6.380453522997803
5.448096746189961
6.2908987661124955
5.720089608064248
4.4085498157010425
6.186712318838424
6.086377129112457
5.206517252382814
6.196237932146739
5.576178843073932
6.018218929555641
4.184898730123876
5.3757180561217215
5.350014043874238
4.890429405218149
4.890429405218149
4.890429405218149
4.890429405218149
5.594279820935774
4.555502516241902
4.555502516241902
3.9182245567235876
4.932095779678395
4.304675467882338
6.259952046193845
5.404431123058685
5.268008338944346
5.9209070023670165
4.092971048556907
5.7342958949301615
5.648918268757709
5.7364725575846744
4.30971359328656
4.2104565326058685
3.944173245732637
3.944173245732637
5.559210875293429
5.794091030262105
5.223112906237091
4.275300096600151
3.6813377877048388
5.886143642083583
4.6901370032202845
3.577839972985174
4.717377272504582
5.279487137598973
4.376416304009764
5.322250791293166
6.000722425917693
5.446909367831838
4.395947058159578
5.261600559330405
4.5797042461578785
4.272480250710674
5.132039732989176
6.136979454653505
5.554202332314284
4.1770407283083655
5.780354075220221
4.155676837713181
5.279707842588002
4.239972728362166
5.666575118816972
4.9785174328578705
5.528611581798683
4.742777258854712
4.847399336540784
5.4905367199960695
3.7952579249706515
4.09097786766098
4.690827945623007
4.4891705495348635
3.997430176601072
3.645466963410959
4.199730251669592
4.106599268718389
4.335441067829073
3.397140535048976
4.838195158220656
4.751923648383518
4.510219639132842
3.5725143725512676
4.0306094405032376
4.8614122271698115
4.975729697342431
3.047229419491369
4.305097078046432
4.807160399429339
3.806534188845647
5.050848368222136
4.740788820691634
4.385298545528456
3.862096283422403
3.6514615709457434
3.8587304902612267
4.449297469006064
4.1671667827619014
2.6406335732925856
3.394389148700677
4.416991211867568
2.5708298177365534
3.1651275953162674
4.538329737197131
3.6420076169616817
3.9078572335700086
4.4565865534326266
3.997019826334827
4.042695253437093
4.047811210898016
3.962283286787806
4.580718351457647
3.4774455049558606
4.358016167792724
3.3807860285481
4.318608887660252
3.6479215429133784
4.167128357619786
4.239120797636018
4.255707318418197
4.318044690922963
3.44364264308661
4.076792084566161
4.791691745491518
3.6753096747720106
4.150422155994733
3.6290922891020694
4.427666565634954
4.5174083516478145
4.246966856542104
2.774473923238666
4.104086918925237
2.9515766586288366
3.499269822357839
3.7468302746921562
2.779633725552951
3.3214778214080543
2.76289019357669
3.8496167479946832
2.914929296509402
3.920118675150809
2.892422659929847
2.922573971431373
2.768745791367466
2.740593807074272
3.13296807707058
2.8316542516730077
2.25150225157978
3.276185456554506
3.095911930634977
2.8516145257800476
3.0553174276127604
3.0037342981077204
3.460032136096431
3.66967178483233
2.799568033169975
2.7707678013736134
2.521751414831191
3.370830718453332
3.540549112712492
2.676570071688866
2.170944187527077
2.6131432574948232
2.7568304781042543
2.655092133228358
2.436208535088092
4.2275754002996315
2.908876899879732
2.044419951071343
2.753256616338911
3.1102991725898046
2.462939546554478
2.4663388011235363
2.5366545152012643
3.018055048809866
2.621050410065332
2.2968854899718645
2.5082541329636965
2.920948505565568
2.467743824316058
2.8360403187485828
2.840418442791239
2.4937879795570153
2.517237555846093
2.259987199393485
2.5277152813944923
2.305855215235018
2.5501476686250832
2.4686137027169597
2.5586856391153043
2.5586856391153043
2.450549209677054
2.4068223666697466
2.28164842423215
2.2214966486218914
2.5896355730547396
2.020878541101153
2.256893766831828
1.8160411312265983
1.8160411312265983
2.075779223279994
2.3426927349382716
2.1202512729092056
2.023294660470585
2.0977324643247055
1.914594425311941
1.8000741169657615
1.906332068310528
1.957544777576931
1.8576365834828763
1.4843776746074284
1.7938973943439585
1.9948830827351087
1.8300681544062025
1.7881936324691807
1.7551416720034378
2.130575283666531
1.8409132390120992
1.6839195322493574
1.6237275315641806
1.4662349035513031
1.4483771428116596
1.0958999078996357
1.2661694753356905
1.070670198469567
1.9123896023959799
1.2019843606713418
0.27676893533850705
8.341048875577197
5.041188515445248
5.890860151800986
5.527660181269415
6.125540083876787
5.79137869106372
5.03875068834473
5.068480267611551
3.813679974094157
5.213420516381512
4.540963003162636
5.194529169418633
4.081307831139107
4.081307831139107
5.744731921209189
3.4825208248518194
4.520187321735946
3.6254724839680854
4.601052065033919
4.446820081025917
4.622478238385112
4.039576875932685
3.2676560263934493
4.394228142346831
3.9104846909773823
3.584818474430533
2.9150234962350283
4.5755976699804
4.292974990988182
4.575597402501631
3.788272363394024
2.989728928927067
2.989728928927067
5.083926352004662
2.818802093046422
4.517899838380394
2.704914003482766
4.273691707081344
3.6504927848931374
2.6654044418004177
4.984433429844551
3.3199646420597277
4.209037103921382
2.355011790302597
2.27235654115698
2.2941116342226495
2.3837465434066596
2.2945850337034868
2.2439133563978078
3.9606174534695873
3.337165044491635
2.8456898812452684
2.1423032526259265
2.063719800724008
2.0527674698333453
1.9685773885199787
1.92739064413261
1.8562027562407195
1.9625291577549158
1.924064242931709
1.8189416790844408
1.8893661600017253
1.8312119030815268
1.8836344028032748
1.8340896437752046
1.7981239954476167
1.7633213163484596
1.743176415802249
1.7287600391625848
1.6833507715486908
1.6983641845830788
1.685057587204709
2.584493284736212
1.5917336486533444
1.5727926687930824
1.436053603584512
1.509040341400951
1.409786133358441
1.4909159789248592
1.3349612920324578
1.294896446247561
1.4134088932279945
1.420135608082374
1.4588530772696011
1.273208491426756
1.3491588137819455
1.4211273442468009
1.3708604516143876
2.4074523925642315
1.2919090678523633
1.2864988880794717
1.2642218306197404
1.2143474063380904
1.214894330619543
1.190701778795412
1.169374477607562
1.8130616259264596
1.151767929014856
0.96197749389045
1.1051814768170465
1.0631789250635395
1.054232024840167
1.0777806114550885
1.0318881963840432
1.0448063086031125
1.6885219960086972
0.8736773560848371
0.9542205359019014
0.0
0.0
0.0
0.0
0.0
0.0
0.0
0.0
0.0
0.0
0.0
0.0
0.0
0.0
0.0
0.0
0.0
0.0
0.0
0.0
0.0
0.0
0.0
0.0
6.255803356426966
8.044834845663829
7.215418981100563
7.83490483118568
7.54603314014093
5.22176063376018
6.64229598965398
6.680191066900388
7.757283087201916
6.63964653077661
5.598301524239523
6.074057612891627
7.485752438474081
4.760705655556724
6.029646440730113
6.240047843792578
5.857818645327938
6.296692699440711
5.5556427567219995
5.624548428371186
4.277128779365484
5.16274967618681
5.741198656966659
5.747785270447863
5.37253361580836
4.136629908524509
5.040792017590994
3.725385861568661
4.198256402397899
5.023967133970491
5.387583759034183
5.097151139715642
3.3816998442340562
4.032561831145699
3.222454785933645
4.633632316377662
4.526041638637234
4.397055193681266
4.318579495486292
3.341463022609553
4.819979916022353
3.407243984356244
4.996323193823529
2.9297275839910566
3.25234149923048
4.0859901868328485
3.2364530869443957
3.0717603612775375
3.3083119567422883
3.7700853672154158
2.9449790171801022
2.5125912862698407
2.8049043375945195
2.7133841554385705
3.8154848364636584
2.4046997053105637
2.342107171358518
2.647174639977485
2.596110948104431
2.2087577404572847
2.5266018222591446
2.5275796132962607
2.462576427419785
4.3813599705634365
3.4673465153662595
2.0800404568581836
2.4437478217048105
2.0453742372742814
1.983030942462412
1.9900750892754293
1.9315896010812408
1.862302616077749
2.1475457951429044
1.8205363626617763
2.03565659904123
1.7725428391986022
1.6888279249321645
1.506881690532987
1.4426142734640521
1.6381215508147995
1.225200351635141
1.2314438985151668
1.1157142114269014
0.9401479064024181
0.8236824239292013
0.8603221187039366
0.8714855206407064
1.0005231487933377
0.6670554256038073
0.645622304380418
0.5631330748585333
0.8513120934541376
0.5316848724660956
0.5164058955662041
0.49744544613324687
0.4744994398844263
0.4079082332906763
0.4335565558020331
0.0
0.0
0.0
0.0
0.0
0.0
0.0
0.0
0.0
0.0
0.0
0.0
0.0
0.0
0.0
0.0
0.0
0.0
0.0
0.0
0.0
0.0
0.0
0.0
0.0
0.0
0.0
0.0
7.978091705740509
8.392970069399833
5.59141857056492
5.820359995649916
8.323006495920083
8.490404065664796
6.611411228988168
7.007348172823339
5.739855776490211
4.99631032432077
5.594373289563398
5.248024074973393
8.02477178065286
6.8283661900397945
7.158256289618072
7.235897894350024
6.1199751995654905
6.656204606180158
4.741572397941021
6.547022121686116
4.668003961909972
6.112911327799793
5.210749424006347
6.341306103818916
6.392364306508909
6.3762582825891885
4.7430482078874086
4.414808793073379
5.607009481141595
6.160466917039255
4.892369598218648
4.410843342946169
5.684322501341571
4.195762119441241
4.4689728015304
4.107935242301856
6.034835099203479
5.060165482795545
6.187870386904287
4.758612883722505
4.072714959356212
5.823483727560436
4.002637944091177
6.785509399555142
3.90654809841343
5.121192032564879
3.9336620794764334
4.263352129062384
5.467382185926771
4.391207936239535
5.686011936409022
5.734027078166988
5.122790428401948
5.675994007913175
4.559549332489462
3.870814005648403
4.013216869794998
5.655350479877064
3.8223736213614172
5.540508214883732
5.786725702778114
5.145190455398149
5.53276437406693
4.343009057029015
3.7327567817998806
4.036831664153576
5.593135756298084
5.099999489641965
5.638074154294239
5.206313603128743
3.6348430997174104
4.12443561752174
4.092867640450975
5.0154512300097
5.10149622388097
5.100161260683995
4.947210932753432
5.0223422152475035
3.510909424792593
3.5191161011120498
4.943005394128383
4.265886841425416
4.873901678242527
4.071770607437189
5.288916711190422
4.620110048620566
4.104257403624966
4.735898354868332
5.046193366810753
4.776034879702602
3.6813514460874375
4.70148315942733
4.504352998568445
3.3401352540971727
5.1096014014360716
4.610411722480526
4.445576930949306
4.586852099037549
5.016387871851066
5.0457334669441165
4.700015640040168
4.722874745753049
3.5467963538010507
4.574530555636218
4.556040598504322
4.276386516464709
4.814064927818536
4.283962120949194
4.245940335627255
3.209798865032841
4.492870672387961
4.584050257996958
3.1923826804962245
3.063016283613576
4.854354756353951
3.018843895401739
4.647879183225156
3.238451213253666
3.055743061268675
3.2201595276574366
3.06690698594159
4.439456938992121
3.3337949503414213
2.9983816232573166
4.176754750038132
4.275558128133523
3.212090520057761
2.8894543001373116
4.2450164425864045
3.246247840426506
3.4903361646980544
2.80519558625944
4.216085975158877
2.955574433010918
2.668532623529214
4.407120693267779
3.0307326412069133
2.8588162145642833
3.4171735250781334
3.790549690010579
2.991802347865983
2.6236488562296905
2.4626909850294987
3.645087874621874
2.8729858078184627
2.4722849015704584
2.645845447027856
3.8029375018691765
2.3379912272810057
2.4187060388730157
2.3121632987694305
3.7960004117180506
2.4592269009017884
2.810939588189144
2.1872144453954356
2.1072911014551448
2.3889963961236553
2.472214749832227
2.3154315440938182
2.975840952132814
2.120326090522851
2.275538843463574
2.110095370378172
1.9443324370302237
1.969005036066913
1.8150181365764284
1.668954762139013
1.5389429989714434
1.6770449953071278
1.8506842358467734
1.7142065713594112
1.60660078689436
1.6862934723106755
1.4632691152715107
1.4581033400180543
1.2966534109693062
1.3413498652766371
1.2221541463203707
1.3177838179400672
1.3230568492947845
1.1614247195705927
1.7785082396930967
1.170790297901614
1.1234773872886539
1.0688351717253861
1.00859629257147
1.341975459697359
0.9579271064509056
1.425888513213281
1.452227024611475
1.0271090183371578
0.714033412662328
0.7866573893491188
0.7237466948304759
0.7034391040780363
0.7785376251961726
0.6443223899108431
0.6546055005517925
0.9551469577856994
0.9192874133892994
0.6237924374118552
0.5224012913079908
0.5606712662329312
0.437654460914772
0.5243290835525077
0.4551564562912634
0.4629195548529582
0.4283992670600901
0.5599945358341621
0.4392995735071154
0.44384327829194586
0.3237090230723511
0.29983196535577666
0.257106239523726
0.0
0.0
0.0
0.0
0.0
0.0
0.0
0.0
0.0
0.0
0.0
0.0
0.0
0.0
0.0
0.0
0.0
0.0
0.0
0.0
0.0
0.0
0.0
0.0
0.0
0.0
0.0
0.0
0.0
0.0
0.0
0.0
0.0
0.0
0.0
0.0
8.942946035998256
6.966452416612102
5.8090774041177635
5.9345466890027945
6.436949374164945
5.9388482333810035
5.261425548697911
5.237725539221664
6.300026010358681
6.192847624738049
5.930719846386471
5.381961154436179
6.189681263863453
5.804409431073789
6.392247946683796
5.571943949533257
5.122335581740794
5.962843558080813
5.054938062879914
5.135008748407961
4.775756111380972
5.255358925691422
4.042788414068922
4.423526844116619
4.945237679024694
3.539210988253755
5.090341830564587
5.2214603968680064
5.6164448629154835
4.037596527303436
4.3527480472745745
4.3527480472745745
4.3527480472745745
4.35756485642336
4.762875876728305
4.5676197889812515
5.44078996657549
5.270585185138825
5.455542293175622
5.295469742550852
5.417174728803405
4.1947650884893894
4.62159488215649
5.188988831018069
5.036118699201106
3.8168828675876796
3.7096007929702415
4.259161538670557
4.851790494524259
4.655997894051076
3.723065353912116
4.71252324447301
4.00965587220176
4.899741569329193
4.857726436520881
3.9065525822071367
4.160347436734468
4.517170104631196
4.7462021524424
4.609641844153637
4.498458609350362
4.367762860563806
4.258165261943313
4.588288784145473
4.4445065997552256
2.875911594735474
3.8603173742432713
4.059998097152843
3.6767053583928324
3.6767053583928324
3.9788188910025593
4.276834029014557
4.041188102515098
4.207813694451826
3.2566938220190176
3.1154274536511473
3.1154274536511473
3.8868359930260605
2.7979424609828523
2.8711815102176064
2.902206110665651
3.8982463716008247
2.8181718378028022
3.716471677650086
3.9533138772939482
4.310413051172236
3.5044112465821637
3.9218242378885333
3.995178832535877
3.6296130172948313
3.6202098604461974
3.729993006843451
3.6048519698264134
3.5605694569559003
3.3919743051012405
3.629209805928015
3.2926802528690082
3.1878214804579335
3.8605805171756566
3.8468683769407783
2.428826519391402
3.469669088512357
3.3940915456677216
3.4617701612788068
2.4046939063859414
3.3001524983526704
3.537871887098258
3.386179652157029
3.329909777403442
3.118938774451553
3.7317225884531595
3.9132274223663304
3.6223531031439538
2.8342969098503463
3.1743393559525526
3.05602861273317
2.9729376270504644
3.510952332760328
2.370914075185475
3.2656050089895734
3.11509337209771
2.829196541471091
3.114099873987909
3.0055171433767156
2.6748777935118055
3.2513955180507046
2.7078773601620583
3.033034616541067
2.9558693279783603
2.8789421565885265
2.1518719575603207
3.0410607137238674
3.101025005444299
2.0541261588086135
3.183536918177597
1.9994546785000493
2.6880872305972003
3.7581201885594613
2.767637173452956
2.4464378942872114
2.6151526610989477
1.9899748987749626
1.6726254811897976
2.5386189915412887
2.299654888673865
2.7839906313877365
2.1458304858349164
1.9562345116200912
1.5257743951448621
2.7128940513035
1.4769557724844313
1.7011386727394837
1.8073811842348038
1.440997953734309
1.398950110807617
1.6316969111502198
2.083503077030855
1.0010185283788382
0.9501245230321371
0.7254741433537515
0.0
0.0
0.0
6.255154523813685
6.944023181114745
7.014469998068045
6.363984128754369
6.277782215888614
6.270537049469423
6.137729843384559
6.243663539209323
6.940802659670209
5.010585612036151
6.548863893118337
5.845074866615721
6.382971442670661
5.697521438620105
5.969597010997093
5.2952569223291155
6.138531384323333
5.616169820202509
4.400753670305309
5.536937974653647
5.118845493657725
5.612807470537308
5.33803754823534
4.729593291682895
5.056247183569018
5.095566860757704
4.095429406621906
3.9389940062200735
3.9389940062200735
3.6391652141842106
3.6391652141842106
3.6391652141842106
3.6391652141842106
4.175679278156645
3.4518290070429556
4.1592687017962415
3.3175957741552766
3.3175957741552766
3.3175957741552766
3.3175957741552766
4.909809877540704
3.783955822554221
3.213686787066317
3.213686787066317
3.1291765349882192
3.058057285013614
4.417426402745217
3.8559949928621386
2.996692566021577
2.9427284070621242
3.557845818719906
4.01438022292721
4.7467443346421865
4.3489253897273175
2.6730043121641485
2.6800104377614313
3.333392870962403
4.405100191634388
4.628163551660784
4.317388411310855
3.2145497237801117
4.473889533593762
3.5646449178693134
3.2278287782140307
3.5070526280013334
4.364425811846307
2.9043263872146357
3.15373067409709
3.8399225343416887
4.096054811836753
3.8498563417116314
2.8789684827930024
3.779687481306695
2.863447881853257
3.7149962510786727
3.592014529983495
3.7576634535409674
4.4149714967859754
3.587468278514563
2.5877400642029786
3.277363149243245
2.484602458275575
2.456522449551289
2.456630658380033
3.088041492962786
2.754668635905522
2.5290232091337925
2.3052215715041484
2.268220351424178
2.2142128672167147
2.652783606747241
2.139103534884682
2.2491692032112134
2.6169297758659806
2.0730132525991576
2.05791261216866
1.966207594218638
2.0677532176869455
1.9031484331415374
1.8639932871108669
1.46286864734242
1.7590726600530862
1.382301027369751
1.680198900714541
1.5183568881792744
1.887200474874325
1.5001255307011163
1.2856583726049016
1.1936816737487754
1.2355056834099596
1.1001652968112954
1.4612577810356937
0.9879764536628144
0.973421099222056
0.9277233053821714
0.9089290091733868
0.883051059798016
0.8462325888746457
0.8173103468938752
0.45110764169366346
0.3760179780228392
0.0
0.0
0.0
0.0
0.0
0.0
0.0
0.0
0.0
0.0
0.0
0.0
0.0
0.0
0.0
0.0
0.0
0.0
0.0
0.0
0.0
0.0
0.0
0.0
0.0
0.0
0.0
0.0
0.0
0.0
0.0
0.0
0.0
0.0
0.0
0.0
0.0
0.0
0.0
0.0
0.0
0.0
0.0
0.0
0.0
0.0
8.558465399011578
8.442802902181146
8.588432344972404
7.0711843885462216
7.01013247962228
5.892949137260162
7.716812182923938
7.84710313142517
6.592688903063529
6.706174077147357
6.760877591084933
6.049577006338307
6.412510104101945
6.456409359664288
4.854227732733158
5.69420774795002
7.117868828886085
5.678969526715106
5.63995775317106
5.371460737463678
5.423002612940092
5.660432690513283
6.46017256849576
6.185037237357395
6.277570793882795
5.778878774683033
5.095155199586807
6.369673183614741
4.995804500960833
4.237749597201489
4.891656829681988
5.033554144862016
4.731617817977667
4.862083608643941
6.175122967790273
4.835561978927428
5.029907463076887
4.994039594926029
5.6908152640454635
3.9651368317936058
6.205758557458098
4.091568271909945
5.3350615480031465
5.6000103596393
3.7357350163886025
5.999391914642434
5.794727722058747
4.458666841106416
3.7738758179294027
3.5398012344846177
4.444878239697763
5.014583347530721
4.735381059922517
4.236589422239772
5.059472109370195
4.111890108529235
4.878653366564817
3.3234562977610196
4.879351544710261
3.750807591495432
3.5475152290227485
4.239986452412793
3.982816170094557
4.670999663138717
3.9702684552586973
4.820319613511868
3.6634693440954345
4.368485286321005
2.9900719710150208
3.1552239193357963
5.086833886044265
5.366074553966562
5.130933376102063
3.4901703553431793
2.7765868725881004
2.9921569823164162
4.802932665196276
3.2541006214874364
4.880254798138696
4.756435256899055
5.2004548434123175
4.505703013382814
4.685107914547386
4.403087662157712
4.695812667424953
2.9223970988451993
4.912849060758848
4.366668484407706
4.457660041929651
4.435997417437108
3.643274198695768
3.862159823840328
2.97522254735621
3.7572851805544376
4.200515515889066
5.020364893138036
4.336970352805629
3.7822207429482435
2.778351199711169
3.9018461632533494
3.0691836995827337
3.7129837025485837
3.904063413797858
4.219831160607377
4.245811310189429
3.335394440420243
3.8156320771803096
3.535060628497073
2.4416991834963646
4.322883829856481
2.30108725242569
2.3391721404461556
2.395728694277522
2.0989023323134215
2.2465188073915443
2.4554807443432765
2.0119708073565628
1.7524820721873597
1.9580443618711705
2.142761398093561
2.1150098510266218
2.1866018531273803
1.7999711543516403
1.6809276117963905
1.4767019361385203
1.4645983854626399
1.1357548526001837
1.1626029106436129
0.8009564804634537
0.9052406328091807
1.0210060403918753
1.7348552755723854
0.8891530151141395
0.8094735843566183
0.8917880019075192
1.3229847224307425
8.804056158789791
7.705438674837513
8.635581703001886
7.870348381889106
7.297816313949186
7.638070079475358
7.3035795358544915
7.423545944117454
7.529250053749494
6.835034064900302
7.202703881388141
5.082556613598422
7.342171407174875
7.653193553694747
6.622695037184114
6.24775994164316
6.97454215393313
7.249590962097137
5.5812645672511
6.8254611589792
6.81216138174482
6.588542786822424
6.57351330146658
6.7156526724791
6.230971102653517
6.586483038847377
6.5763427881490975
6.297190402911361
6.370902240346227
6.433995854494794
6.309513066370996
6.2833901327540165
6.009879852961315
6.367084971879629
6.477970690321761
6.260292182817389
5.924620489795472
6.475806980707741
4.753009398043314
4.419234298958081
5.991763247279117
5.908629414072855
6.093053811924767
4.856182885083724
6.094519735282607
4.651058173657369
4.651058173657369
5.9265623590356356
5.362456576333266
5.362456576333266
5.687268608605218
4.451301796409954
4.909335263924913
4.909335263924913
4.909335263924913
4.909335263924913
4.909335263924913
4.909335263924913
4.909335263924913
5.6304066988104005
6.165432851016381
4.596846723936937
4.596846723936937
4.596846723936937
4.596846723936937
4.596846723936937
4.596846723936937
4.596846723936937
4.596846723936937
4.596846723936937
4.596846723936937
4.596846723936937
4.362789809625595
4.362789809625595
4.362789809625595
4.362789809625595
4.362789809625595
4.362789809625595
4.362789809625595
4.362789809625595
4.362789809625595
4.362789809625595
4.362789809625595
4.362789809625595
5.687271375618399
4.543231672221861
4.177825636027669
4.177825636027669
4.177825636027669
4.177825636027669
4.177825636027669
4.177825636027669
5.589047420428569
4.026067280989985
4.026067280989985
3.8980543577343862
3.8980543577343862
3.8980543577343862
6.19385760204883
4.938848966586985
4.432484323156621
3.7462307934031975
5.135696505258781
4.856212164383446
3.905616490798135
4.984006251114331
4.08379084462232
4.0987754642010765
4.934708571477923
3.970299965868837
3.0717537804483195
3.5607638854777006
4.092445290813095
3.396767732497973
2.726844024614747
2.673320984441932
3.420713830686472
3.569168480473696
3.5436116340536894
3.2367568815428354
2.72858049579861
2.6207755777187325
3.0142260612425233
2.6074538654990334
2.5214965394449926
2.244508994524788
2.9152953462453945
2.1070634202104235
2.6092137985591415
1.7727910697017242
1.990018243925276
2.2611715171669955
1.7645729578239753
2.423104315538314
1.711693755693156
1.7739877129223174
1.0708976332033917
0.6346826277377001
0.0
0.0
0.0
7.35347268598862
6.834927125382339
8.248101868578873
7.428472892739487
7.231017740298785
7.156413033401198
6.3384597524443995
6.493499902566311
6.501408875829691
5.403755335729713
6.503603778567144
6.484610650680284
7.742603378651019
6.176315817249657
6.655071545073565
5.820259140142232
5.709800772254951
6.428917998378339
6.456409851520466
5.038108339109913
5.334797802787377
5.534772178833472
6.088959218036894
4.192046310349452
6.53466540403567
5.605477550380929
5.699269336098663
6.097581905684415
5.197885350871225
5.8935673137419435
6.083928677116674
4.633433853209026
6.510781079605136
6.687135611811666
5.835334226333052
6.013307431393904
6.005608585443897
5.835531294439788
4.366273316102723
5.84132124841294
5.745359105295315
5.210883292580658
5.689092345634969
5.845275479672377
5.067318140392285
5.939329876539635
5.30312824919846
4.800589838278068
4.995719977566373
5.5337413426044595
5.7498248429172705
5.621911560952758
5.312634989187183
5.549211460217864
4.982790313349985
4.8728663882215475
5.210547692493968
5.472441592967748
4.8841727389864475
5.1765937722587285
5.292181175075691
5.864877569437494
5.496085350571952
5.134012271995747
4.8343855123454444
5.360103603671076
4.994780148708129
5.78596833027981
3.7070132533090083
5.352799221232094
4.409047047803933
5.705413919472728
4.750867079420563
5.30317236520398
4.6618556720830275
4.881884367970218
5.416403450193627
4.64390189909511
5.058836531709973
4.597618711516099
5.919492213961463
5.540896648317539
4.421584127916427
4.308928624500821
4.779781191199806
4.260459498996699
4.682432480188506
4.828218835551738
4.1070992089423894
5.159655712794311
4.64284059830181
4.109643569547346
4.895540203274685
3.9074032837656376
4.8285413599258895
4.06898067455448
4.555716297522559
3.682791119811875
3.8931182703913616
3.90143678287789
3.882887798610901
4.81628313305377
3.7008566886595817
4.129343583499379
4.153116371795554
3.556472822535246
3.6025384366720044
4.3545767159662585
4.078417308465325
4.151283908565776
3.8450217477404127
3.76503109293912
2.776082176595425
3.4307686407127074
3.560498167636511
2.73560695959679
3.8352212037837483
3.7721338525258936
3.980230049734867
3.1783853751869438
3.134006094823721
3.4004129078707623
3.4032452812017437
2.9821247579984713
2.964636157818706
3.2215422349618787
3.1478402915304597
2.9264451905076916
3.199049102532568
3.1024922053498525
2.9560688816594936
2.9184927373744443
1.7457289270189744
1.906100759738838
2.3520220109185312
2.060125362443111
1.6969585494902426
1.4379640309644504
2.2743890708535237
0.0
0.0
8.112350549450847
7.878720243788757
6.342653423028924
8.317381434645107
6.216622986987647
6.299053278861983
6.922369610152884
6.733188613231921
5.695724286331283
6.3567734452312905
6.292621265095303
5.475439633766219
5.756834355544394
6.374467681439483
4.429103801760025
6.718010033750307
6.11245223884803
6.786972281156915
5.115146923568413
6.461451191199677
5.174124740786441
6.943909621471447
4.92933372178702
5.322482834102364
5.154469659662038
6.366924386168763
5.645551803762819
4.566058520925262
4.957951383104042
4.441618909990068
5.575404753331946
5.385964657563173
4.537554463339871
4.760525034281652
5.1944793243045275
3.728313873988621
4.40676403245422
3.843747124855021
5.141012064699201
3.7377101175561074
3.846127542845468
4.303614570707731
5.006365163255897
3.579978833548223
5.101859699033475
5.116236710941105
3.4317983819629245
5.003302866040427
5.231078077704367
5.326659340258269
5.274552834281891
4.847507809199687
3.9517506710740093
5.102065182378368
4.2028821556945015
3.484924513052459
4.497026552479065
4.596956385056143
3.978511014455315
4.906676772805389
5.103659390384412
4.302059234984679
4.680529934758464
4.094452428688478
3.7898266768967104
4.818084057627647
4.503630759118213
4.518519111806519
5.834307821813135
3.992317432085108
5.019845082318153
5.023376619789461
3.8212402122464857
4.770779153769482
5.4999741393065
4.666123404819458
4.126598960347213
4.288914590355495
3.876544455973221
3.0660365106433325
3.594496358251781
4.281341743107318
4.117957040396411
3.8346208260101977
3.982309170591164
3.5593003581238998
3.0791455906219998
4.126731595487963
3.6776531923640916
3.959134046430229
4.499972836484397
3.303221093557434
3.7959648273267543
5.189024627494538
3.9927637402120486
3.5408718389141756
4.657890394540231
3.9455612345681432
3.2843358940271115
4.388368441986874
4.725868050198364
3.335822197465099
4.573022627393536
4.755480917625406
4.78900378555979
3.8475584820619573
4.176488281740922
3.427139330336492
4.681444565721418
3.3570158283026084
4.3942814929295855
2.7085719170718914
4.462094473280465
4.051636017613404
3.5947618855772485
4.309676086931328
3.8457952875594508
4.833364586483994
3.9859891008127453
3.9076138510222465
4.149522007174686
4.50867141897593
3.6266867772374902
3.6266867772374902
3.205988384958426
4.016858660825279
4.290242986556335
2.5790203218809493
3.2540897779735958
4.175911439866017
4.0440043599720115
3.350826044869391
4.107011416232264
3.4976853701504975
3.340014233262905
3.365961266313576
3.634150013819536
4.262158036292528
4.213931469662257
2.9531459552199273
4.121947888189804
3.6769924223337958
3.787265480480445
3.7078588725153745
3.2410223290767775
3.277445998243379
3.274488406062673
3.8264891888093797
2.339481086245985
3.6298805802151297
2.869589236110886
2.4197407237830206
3.6617341536223336
3.0010613961818082
3.644078462781767
2.8297177046839543
2.5998071214422662
3.033694803354928
2.2338130437215833
3.448981614438787
2.966030323744323
2.371892198319846
2.2051106715771702
3.4007761545480775
2.85231583978132
2.512212870308138
3.2825662387149355
2.5259123952734934
2.7493944693894563
3.209101478753087
2.7020533354501097
2.787172652429834
2.9419100259483777
2.034371310573033
3.128049798464944
3.1081446152871495
2.5855597650187816
3.158049584458915
2.5150062480888526
2.2946553854256453
2.2946553854256453
2.4637064663280914
2.025589024076046
2.025589024076046
2.025589024076046
2.3323776234013427
2.4067156451319858
1.8217119727948312
1.856638108501128
2.8497028180409263
2.523760205936327
1.7347283871147356
2.038851922725988
2.242734324900505
1.6395883299334668
2.552286475337195
3.0153316295220964
2.3319670760800366
2.3319670760800366
2.1095166476882614
1.662964112988492
2.0628360355226425
2.0628360355226425
1.7934209219198125
1.7102951257615044
1.9703705109667546
1.4508848280488487
1.8937499721325197
2.1310793675347446
1.7214321681321758
2.1107221069123967
1.9350569779313225
1.8701530022322062
2.302293554561057
1.4708099130465055
1.2422546565993495
1.3319534083284286
0.8935853672636023
1.2269159949668946
1.835239251930793
1.7312341673015617
1.6994048032159694
1.4945421438041908
1.3584851684345036
1.3584851684345036
1.3482336425637687
1.1064594132952892
1.586662031889882
1.3065701745942755
0.583512788904986
1.217474562225719
1.1611221736922142
0.8182721688869361
0.4813255581859577
0.631992270597923
0.0
0.0
0.0
0.0
0.0
0.0
0.0
0.0
0.0
0.0
7.092834198724069
8.187120120700646
5.121073234048848
5.581336190470189
4.54390351015533
5.911456885489376
5.235041863897858
5.741104474714335
6.265704747595783
5.324313649374131
6.085894764365047
4.124905424344366
4.291373015519135
5.25297656038257
3.8657189143454187
4.458365432505925
4.547392690606195
4.2147753946794335
3.339068342879568
3.179260574653501
3.2450318598014807
5.201275123623632
3.145438487826478
4.609487836183009
4.523876628665692
3.1176881113723756
4.325877320408678
4.163307884577108
2.9720971691989524
4.23601256079449
4.361102841414095
4.042321451265867
3.7004658933909624
3.338124439461777
3.491285342122154
3.3559376113827755
3.3559376113827755
3.3559376113827755
2.99557025707476
2.99557025707476
2.7530263101543446
2.7530263101543446
2.7530263101543446
2.7530263101543446
2.7530263101543446
2.7530263101543446
2.7530263101543446
2.574899823507749
2.574899823507749
3.344787085432157
2.436412360801035
2.436412360801035
2.436412360801035
3.261425159956152
2.3243393343895264
3.149008383521979
3.5042742564391225
2.2643529315289546
2.283644919539991
3.081890634751596
2.881654967819199
2.9616923409371108
2.363945729689956
2.820530987645617
2.1050953071463465
2.052629982538136
2.054475707290826
3.059805851386501
2.7412268573089764
2.066137442162076
2.6035930189490366
1.8913750086586218
2.4622878170913536
1.8071760445023346
2.1941992165105346
1.7524799812344098
2.6552242960020807
2.5726560851202196
1.6490003100430117
2.7456565142325564
2.4135105064350806
1.442719240202626
1.4318660924917435
2.0089108791690697
1.323329858637182
1.4418018402944963
0.7953718175527142
1.4139448981999798
0.833140273276466
0.8154188042746693
0.44907507237916167
0.0
0.0
0.0
0.0
0.0
0.0
0.0
0.0
0.0
0.0
0.0
0.0
0.0
0.0
0.0
0.0
0.0
0.0
0.0
0.0
0.0
0.0
0.0
0.0
0.0
0.0
0.0
8.564351146872564
8.267149895375537
6.573556385756293
7.679259169972061
7.425649314472437
6.9704510190426365
7.183738739049928
6.806474543476714
5.084126592188885
5.193489971476158
7.621077706758747
5.711561366743876
5.6221564826083075
4.783234626609919
7.400626379437062
6.854562402030396
5.904432814658247
5.68563129968705
6.229003531578901
6.123255998568922
6.979652389399522
5.245351314794182
4.881575657247601
5.677040168210883
5.74714391550845
4.100085053440735
4.462771010557303
6.049407473606498
5.590188775483997
5.651973799557931
5.950605286792546
4.759400061683606
5.212398710908735
4.448911912598208
5.102149943408987
4.6139311322935805
6.331120433963585
5.149185077254391
4.87462656979535
5.1386452326169785
4.428023254736488
5.835659582035257
4.5766176499129445
5.403094545068216
5.496631766381242
4.953856317583428
5.063111485480029
4.8129477720957565
5.220566351382169
3.740054412638485
4.166614319044016
5.390437128445039
5.166921066431632
4.1331121625892715
5.009866092493605
4.581598276990879
5.031977151308096
4.543716468857624
5.3611076091189
5.349508995809789
3.9047548469711084
4.21509485237534
4.245842471627013
3.7794637521241587
4.243978489740765
5.263550917807437
3.627225093960475
5.397126355119313
4.4011637743669505
5.378859985615618
4.842081577563837
5.097979211898609
5.10057221174398
4.658079352483146
4.739248598035099
3.908116285660619
3.8934192681175195
5.093872866438255
3.6208749373704707
3.2727376283723313
4.219254576099783
3.4663057643028625
3.794163712527107
4.1613668273909035
4.156080674701215
3.2925607821793905
4.331055514407187
3.5166180051789966
4.608666570872584
4.33663850462796
3.2716866905565
4.49098499622039
4.566502696391109
4.492272808839196
4.451883973234557
3.225063169359134
3.8196893728473893
4.534225658589602
3.683814985677974
3.417645348627364
3.2293112772578185
3.579738318536113
4.770049682950296
3.207134684755724
3.648641827323245
3.4096992080848856
3.2762225750058973
3.6500579924694407
3.7444565317604814
3.5714303400136505
3.7252219830244333
3.8390550879867926
2.899435253378623
2.956289838461369
2.8787779311385693
2.507826971465886
3.010247054607715
2.5544877320730386
3.077956984441668
2.658492869107816
3.668650608362852
2.8457491515895423
2.8663002604326158
2.174391422738296
2.813252005500142
1.9596164510843597
2.677310161428069
2.060949989386405
2.1263564617696957
2.033698561425136
2.677743044893355
1.8695105354446093
1.834658143300621
1.6941623122566385
2.1066572784403648
2.0067472506901796
1.2870832606513618
1.7047991360019574
2.0772396600936562
1.995955097745363
1.0941892294848543
1.871107781826709
1.4640336624930563
1.0705992560434872
1.0821186375284335
1.0953594129961914
1.4070110394231348
1.2152851429643208
1.5781518884312091
1.3480251258803624
1.2176580327155448
0.8801761106423196
1.056554741299398
0.8970569148599606
0.6890379445416754
0.17061244463290648
8.671243861213418
6.489065686696731
6.815875937596232
8.000904358009024
7.171008281098943
7.376770526138417
6.460547469250197
5.567537703302198
6.545156268784567
6.676179860953586
6.387727409134259
4.644376222236632
6.975485231832394
4.476247833062801
4.476247833062801
4.463092859792798
6.423015947653846
5.94164834064485
5.935734414275947
5.849515465685718
6.255414305249936
4.028409615339402
5.491057520507097
4.567022365160643
5.552487029069176
4.344222625123434
5.757500128924198
4.5116213568780035
4.904756995080817
4.244582699012259
6.407651218283075
4.986793282966123
5.564891855179876
6.03898710625897
5.715894796717241
4.051888787793652
5.312091892588474
5.030684590546073
4.803642671346617
5.359268580546404
4.694144455438918
4.012820012423555
3.6658599323962804
5.237132368679613
4.38191101090394
3.5972890252453817
4.207829418385567
3.696188885229685
4.958372714958923
3.6261102073345954
4.5168331803829265
3.3497989933902694
3.510029481798844
3.5050255674893696
4.481431901498423
3.255952486569401
4.731160250245008
2.917474091292221
3.8961303511280687
4.132505948993973
3.8745947817939594
3.962433994038899
4.0136672158540465
3.7167342103663508
4.396072515463653
4.246427625497679
3.840969957099306
3.1296143316014433
3.9464982102717037
3.9826782187373104
3.748623993754236
2.9229160753656025
3.764077198914599
3.928623579515452
2.90638079809259
3.616030678898511
3.288366703327511
2.836113543393469
3.1456054202347743
3.1456054202347743
3.7697266039261192
2.790296501430408
2.790296501430408
3.4435205269848845
2.5777622347170728
2.5777622347170728
2.5777622347170728
3.0769305249900163
2.820029528300332
3.372039738180439
2.7637463079663642
2.3201163712214345
2.3201163712214345
3.681465037622393
3.108518005568847
2.160029117025572
3.2538929026607306
2.366913593412932
2.045739164541775
3.4379252836547907
2.7084002248328947
3.3634155321591535
3.2043781350379716
3.4597734268949196
3.0679945619503837
3.367607281246076
3.0200440457257374
3.194143278011932
2.9165342099286504
3.0062254757339977
3.2383906934220126
3.0934767599125403
2.1677707112568045
2.6284361664463596
2.6284361664463596
3.082603700770062
2.4177978816808703
2.4177978816808703
2.4177978816808703
2.4177978816808703
2.970775416552801
2.2723736056468304
2.2723736056468304
2.2723736056468304
2.2723736056468304
2.2723736056468304
2.9846077402162816
2.163216505963921
2.163216505963921
2.076716873961873
2.076716873961873
2.076716873961873
2.076716873961873
2.7330190055071695
2.945134703467382
2.005527831583217
2.005527831583217
2.695149958771127
1.9452806239580673
2.7481757914678773
2.9643861507592044
1.8931884887368673
3.0340382177161884
2.846430054667088
1.8065582247871392
2.656187821964577
2.7296326273320184
2.533080773007189
2.217574524584742
2.2647167646933823
2.497729160822529
2.1233384286609263
2.6220749671838433
2.6037032302398324
2.233728018674528
1.8707442960337068
2.4356151879689203
2.705996665324522
2.544064300409075
2.362308985710884
1.9032038460120184
2.522421662804221
2.2584822685295753
1.7301016446328679
1.992186348412874
2.1656838883593874
1.4971029300518692
1.649381790180191
1.5796668753956198
1.2720371321151556
1.8123902814639337
1.1976376466515788
1.2090983507662816
0.9824158412244213
1.0929482053936477
0.6537761915525896
0.5477813813430388
0.0
0.0
0.0
0.0
0.0
0.0
0.0
0.0
0.0
0.0
0.0
0.0
0.0
0.0
0.0
0.0
0.0
0.0
0.0
0.0
0.0
0.0
0.0
0.0
8.451462726498928
7.553376719269417
8.578875942966343
8.723875929355131
8.496738772284685
6.834690138550761
8.028284395770472
8.026622740858118
7.834442823391869
8.232207994398937
8.129871070327322
6.310841160105826
5.898963223027
7.131302120780606
7.136911140815852
6.243574690686736
6.37320497844594
7.250093722998976
6.301722504118417
6.941626708951226
6.604462743622773
7.056187858488376
6.855880765105682
6.010528740965745
5.410313139528398
5.410313139528398
6.611722804542735
5.159204115547736
6.578525529222996
6.038395427136696
4.954291768039661
4.954291768039661
5.331844232757964
4.782271122505985
5.8059738469767215
5.230066971316225
5.263848092673323
4.5058667372532915
5.349051924597903
6.5032595436499685
5.259355218717634
5.702962268877837
4.411415370458136
3.89394699176157
3.89394699176157
3.832459292219873
4.525826147785255
3.7748519646459378
3.7748519646459378
4.1191304731312215
5.127805581983795
5.420849798569019
5.396485718414797
5.599149183898863
4.84247962299067
5.287573957693782
4.024701671010426
4.9218091099902335
4.1242851276072
4.606326934714821
4.411314663656404
3.8705064497492514
3.7598895686906646
4.752950530947712
3.7659288196836243
3.8380613429399846
4.129019813785431
4.706135819092256
4.020193057969904
3.6749416655513425
4.242534165175514
3.4904113310714044
3.478736285706998
3.5160487978028945
3.5106522293977425
3.4931595664947235
3.4614821436466805
4.567362506802371
4.016590252475687
3.3353219257108666
3.895532064143645
5.511380354820209
4.728662041670132
3.1378620700137576
3.594377251282537
3.7013628929487505
4.055284368127785
4.040755313207356
3.5651855052002595
3.98143799581729
3.5582944868110897
3.5072308231688223
3.740400671958061
3.5886417063701828
2.9050853583325784
3.2950148045158114
3.3052573952117577
3.292913755757962
2.7005194381328583
3.3461573798739184
2.688972273132982
2.681108379744523
2.699811225503583
2.4642768300577322
2.4549803816832547
3.000094739187731
3.11809847058383
2.936402990342499
2.9957970082661127
2.641085025865451
2.732179111578351
3.3145052813278264
2.3937077661802038
2.2330148420290667
2.461715084173288
2.774087652324115
3.168752369557744
2.7679205499082613
2.2442008175570396
2.63467935243332
2.8536860055920825
2.164724826318351
2.13383957304918
2.150077581210984
1.9753800951605278
2.464239613341577
2.4609097434887097
2.429389868188214
1.9109763204214698
1.9524167984602991
1.6128460867128886
1.6255494151636085
1.37461304130905
2.3312390330518147
1.8957168662726638
1.7753130877477339
1.5946536888909315
1.1955937933707577
1.1157487784510198
1.0773768929980498
0.9925866155215881
0.8538396219539732
0.8808991163045938
0.7941745612060754
0.6452294982614276
0.6809100086556436
0.6474096133281453
0.6191229353799738
0.3874705093296411
0.0
0.0
0.0
0.0
0.0
0.0
0.0
0.0
0.0
0.0
0.0
6.800912580525553
7.7064134968329565
8.563440633719194
6.844083989744366
5.878848837177148
7.70213816522387
5.039399117369418
5.066231075448234
5.989714411695929
5.809976190809335
5.495602473047712
5.578871399929548
5.260705718503619
6.098730112018015
4.8717484326296985
5.38757768709714
6.121079725371203
5.031128029760683
6.024085399512421
5.257823823893054
4.7278406871207075
5.6108178685274686
4.779646050087834
4.881746168495195
4.971311332152015
4.5236131137736955
4.835270380079698
4.808258163250183
4.826976516629044
4.15970765782371
4.139013758011978
4.231064973566158
4.516339196368404
4.2635568963622195
4.063578921197708
4.210862721711512
4.344611646350442
3.8864512615247557
4.159304613223771
3.662275019658112
3.3504886902091306
3.77348319859825
3.6442562835025574
3.282502644843943
4.023266460373042
3.1030635358594845
3.37360155461616
3.1907016221709052
3.2310594917586806
2.996189236699572
3.81720559690895
3.935622995881581
3.2696499124535454
3.6500776281134555
3.2467156307941365
3.7044466155877585
2.853260176650319
4.042827011761572
3.568616132102325
3.2288861959437263
2.9537801190170776
3.4248113168250143
3.468016795169648
2.5245961714475684
3.4939365875651984
3.190902125394245
3.0790133059832625
3.430787626945107
3.7220328436277903
3.525266966673551
2.3599998381535467
2.6114373871890124
2.509077966831618
2.4998822941226906
2.170898362810597
1.87606386978424
2.2131822429655634
1.746158718714305
2.1007791783419014
2.2394999641809523
1.8112615577952684
2.058617326440318
2.064827211274425
1.555828896630177
1.5624061749364027
0.9819327546402273
0.4091129783695393
0.1657239162959498
7.645802995153892
5.138465830454455
5.138465830454455
7.2639249851767795
6.987409850288927
7.4277435421043965
5.431345588921495
4.82530395433044
6.210260208708539
5.302428824452562
6.055000704873691
5.125526038191568
5.956165247032175
5.170784837084267
4.729827915996168
5.803587009164386
4.199801137860128
4.199801137860128
4.199801137860128
4.199801137860128
4.199801137860128
4.02101021906698
5.558557610674503
5.032468435867537
3.8745823108722455
5.665940578285964
5.311162499333068
4.246231834404562
5.499059074641792
4.3575400341279575
3.822975512697897
3.2122349480389327
3.2122349480389327
4.775670147460503
4.89801630662312
5.069838839348159
3.1084956379576574
4.1467198390453
3.569360317157293
5.15917886264634
4.61097296196307
3.9012498299805825
4.844153696202081
3.38037962773627
3.4900966337328576
4.353222122084223
4.201073748853321
3.286921840035529
3.470930559766231
3.5865764003240916
3.310701914628697
3.110453866871878
2.9875603632648042
3.0838499069972762
3.008807284263558
3.6794630027311244
3.8858425804415564
3.248792668292506
3.9121898104256063
3.893696174514798
2.78169144911173
3.0554689561462105
3.6866158363941643
3.5709772996070117
3.3504500033445663
2.9351437441380983
3.565387908440796
3.4499985525244448
2.9945098637842027
4.175068420642278
2.930241026492436
2.6372513924514798
3.078503259463564
3.020346531765469
3.6452199175773297
2.493237120192613
2.566190657216409
2.9345182080222494
2.5842407864421917
2.563894772024551
2.7505907055212138
2.4726915511961245
3.2618619428137308
2.3382513276128347
2.707355190209134
2.0503970190742984
1.9690940163873585
3.004656514594142
2.789146631039325
2.0452603600221315
2.2734258814780435
2.4432763191698696
2.0876529474236984
1.7971232454549477
2.3340875101510785
2.2800781681798634
1.7101533784999796
2.258686722861622
2.424871576497143
2.094700489295909
1.6475751329407298
2.1837195876873725
1.3464974353517662
1.8870879651885784
1.8870879651885784
1.5335672152748367
1.7369042376424018
1.7369042376424018
1.8925044723852569
1.499006891618298
2.053880806562781
1.6244877937363504
1.6244877937363504
1.6244877937363504
1.5356107191136428
1.5356107191136428
2.164395790796699
1.4626012286971424
1.4009095972240044
1.9960656434505752
1.3928654653805994
1.347636725172094
1.9429606850855328
1.3960851715314493
1.39577991510737
1.4374042255921757
1.1875117084525006
1.9986717290618639
1.2389471019205864
0.959096652981542
1.5201108174167062
1.1126111645973238
0.9872921914811867
1.0143908559866501
0.9966824831001773
0.9813686570020075
0.936025290729405
1.2547233707096286
0.932259775723766
0.6077199500736452
0.0
0.0
0.0
0.0
0.0
0.0
0.0
0.0
0.0
0.0
0.0
0.0
0.0
8.413956551478963
7.485958034736346
7.089394815747757
7.683021737959608
7.44486443248318
7.671751077337251
6.8153075096044695
7.484524284727701
7.035170326625419
6.446757392814801
6.199391199828934
7.760602168703267
6.6442574486631205
6.454440304808053
6.783158334983443
7.122828129456501
6.915844001343343
6.125874469562678
6.078333520246666
6.542057572328865
7.202774066493049
6.703913463868528
6.1326731494434235
6.402320775081413
5.384209565051041
6.233452040437391
6.1919282671669
7.478236394425246
6.785033807111528
6.519992994482424
4.899164531595516
5.781736888950659
6.745385362796066
4.69360418565408
4.69360418565408
4.69360418565408
5.574237089599368
4.521099625536535
6.852891027379826
5.874909930538978
5.562386642478568
6.623462811659504
6.645975393037919
5.631139571644641
5.486571696887115
4.130331743347018
4.130331743347018
6.8417707353686525
5.444585415962807
5.811230117966753
5.923252209004404
5.987542951627577
6.975677799219984
6.906755974346377
6.033500207151526
5.611823900069718
5.6653359918348905
5.732794794641016
5.609955171720607
6.899042691407388
5.421105078867055
3.6399681289476487
6.18241097941432
5.963955361967714
4.931268904192262
5.342232795433827
6.802189090783544
5.265648574596604
6.167500848018322
7.726947588322805
5.170415543720916
6.281213488341249
4.775428120092536
5.155848476432261
5.749296025593404
6.405414782464196
5.099629043145808
5.722389788777592
3.9186490103651535
5.878198086659831
6.566726324251341
5.318729292700273
6.06926723735627
4.542114643010443
4.592197547045202
4.930859104334096
3.799870746954733
5.299740983393991
5.290025920781047
5.432766067484121
5.613655647589164
5.36550199045596
5.5912967937491045
4.597075497894774
5.573188609671749
4.769163087511732
4.792927274590628
5.188493508944583
5.673078586959434
4.303980144342112
4.4222816514638765
4.168478326124102
4.168478326124102
4.168478326124102
5.65014706569916
3.754074509700052
3.8694355968705776
5.35012073783166
5.694246717774751
4.776521427342972
3.626725970584428
4.519592143370172
5.378392341096152
5.549379925001798
4.39796821785111
4.664079263362034
5.14579712502602
5.002442223353372
5.090151223048981
4.02989862939429
5.076780990310132
5.534765651737716
6.002867790808123
4.949934208769372
5.314206869818053
5.125258769372427
5.30723924295889
3.8725738820227877
3.8725738820227877
4.923956235626736
5.730672581215642
4.847594325220121
4.789019081472418
3.4877541419945803
3.4771256715202066
3.4771256715202066
3.4771256715202066
4.986687080783571
4.064330247527671
3.333903890240814
4.582741912789937
2.9447092573522062
3.9164768990213976
4.1148690443992715
3.7746337664777676
3.160008062778234
5.180374283516947
5.089756454749166
4.288569982814881
4.570857394991193
4.044272272703982
5.025798153742293
3.8846370498512974
4.200526437636843
4.387417400643245
4.397697685306372
3.9583742780835713
4.789868418946323
4.827596259816
4.129931538259723
3.9223950867023207
3.897131582345597
3.6811976891546063
4.327661030723349
4.598556565305537
3.4138544268723683
4.285062841862826
3.7868394341343232
4.600734926449157
3.7308975957875252
4.321922108048235
3.2492165789007545
4.694210325348538
4.02024711810048
4.756958044931984
3.3774463070407275
4.338613697561938
4.399707330133631
4.16844244985804
4.0067591209189555
4.06576802567937
4.253316903651034
3.0353418997110904
4.02507472502757
4.040346905379562
4.156707193597026
4.115399578869418
3.60660140794313
2.7715486657578707
4.1220406174761655
3.3439758188149975
3.946382508623168
2.915500177121503
4.24326918655888
4.505214634769697
3.0394227405394694
3.2781000470369883
3.127377212456101
3.533912342185851
3.0723951206585274
2.762461420499758
4.488405720911588
4.105882659251459
3.697805870855991
3.343057072248184
2.6622201014312536
3.488810823400221
4.045637253754474
3.188695134821913
3.444548170027741
2.593579157829081
3.1838780018147705
3.7797731289793504
4.532777099472139
3.2537384710221784
3.7405527656380597
4.222661631922449
3.482888117860884
3.9216052894242885
3.281597551759727
3.1887972005252654
2.6029559922207683
2.5681795053735175
3.393530553258707
3.219623494078002
2.917132863110598
4.131448040837699
2.711986147280025
2.424739848457428
2.7938859068077435
2.6599239980374656
2.7099024526238917
3.0517731642474444
3.454371965406768
2.449464918946507
3.3222479085974355
2.4157391755670012
2.452225472220609
2.488253223253814
4.181222271080838
2.43580018908499
2.878184027834456
2.312402101904284
2.849541079392852
2.940523692795507
2.2697666594282224
3.007741821895866
4.2430270605677185
2.2165345769592077
2.5388311811353974
2.8444008692814204
2.7370787296340944
2.3066419022363
2.424181386241582
2.1343376270135064
2.054949645913889
2.054949645913889
2.841651475726452
2.4449391482650893
2.3611654842434624
2.9677877842505778
1.646309031148038
2.2522591317293488
1.5960328183005843
2.283943615110695
2.7145565730619445
2.1422382120455934
1.7233697305384819
2.7026137332739704
1.9923850654069233
1.4817364217773101
1.4817364217773101
1.8320442980340186
1.5228533709481111
1.4239822700011473
1.6600839326580479
1.4164126304134272
2.0324179482108624
1.9604928443481622
1.9534123161852561
2.25421600716785
1.5828360841919749
0.9590582900872625
0.6454030390394726
0.5619425976034448
0.2443791749228546
0.010361813615871854
0.010361813615871854
0.010361813615871854
7.081593578507386
7.300305868013229
6.300489127985834
5.41666791883267
5.021798338257528
6.928845017610483
4.949629106366574
6.149270892565394
5.457212443472064
7.019505409098253
5.869673776519255
6.020285925884853
5.1717022761128995
7.804645570090295
5.598249554676328
6.209017118380812
4.834606055552706
6.0807577898815754
5.583330201945827
5.646509753431172
5.205902348898476
5.11741563071255
6.030237641932732
5.375804395505893
5.653688934967849
5.191055035725274
5.48041401520093
4.7367321775830895
5.946884388583685
4.809817265902337
4.284616003673782
5.187417351523614
4.043564236690837
5.17149991442159
5.091634619517604
3.7137668073642676
3.7137668073642676
3.7137668073642676
3.7137668073642676
4.570349782186759
4.869051724660296
5.034241803757399
5.196474994484957
4.891244907402799
4.422783380384536
4.564557085904068
4.540580496817016
4.6154924687665
3.387423239040655
4.800520033778101
5.119528161940233
4.946286943313063
5.336054295391731
4.944365932765497
5.3946945108332365
4.5282206581055835
4.809060008747472
4.86385230488324
4.666819626871761
4.548329046871844
4.661036765248663
4.404003787171611
4.804690258542927
4.731937931280785
3.631802860991276
4.408211638354619
2.854075893881337
4.725326153343246
4.037626687638538
4.400261815185327
5.053988246536888
4.472576492723509
4.740368383393706
4.485990981438677
3.94497651887154
4.05108753950985
3.7803905678557217
5.051100355877442
3.320411493911049
3.7689357278719244
4.756794285519684
4.090874830525665
3.421577223168786
4.499115808853436
3.3040216369954543
4.0008305352220175
4.110100086058215
3.7920400365222
3.9548688645910097
3.5322856153067894
3.888743270305955
4.2587465282477455
4.043632367152436
3.41061700953781
3.632917293577841
3.059098204026384
4.373473431971164
4.113859445123933
3.0844148765089625
3.598653821936233
3.8767124031791567
4.040001351585179
3.844280088160824
3.51639987972008
3.2556082466579017
4.014935417759954
3.526455795235321
2.881686237589524
3.8969526169498914
3.353185199708035
3.242951481332992
2.6059999318377987
3.424462298609928
3.695156360838911
3.2243820922458735
3.1651948870179263
3.2579764381908944
2.8389596453439867
3.4488019967098515
3.6099242995782177
2.3040774815201726
3.017329363352617
2.944059417156711
3.3013027013322502
2.922728551735624
2.18100324267631
2.085562956390103
1.9881977918982299
2.438726910279004
2.6998001131183185
2.641695323450171
2.6397874214700954
2.439428379225536
1.8953826429976675
1.8785906975769264
2.2823157587029943
2.2823157587029943
2.0185638615892403
1.9998796769031353
1.826821582831263
1.826821582831263
1.826821582831263
1.826821582831263
1.826821582831263
2.601267046030612
1.6114135246321606
1.5844613354067003
1.5362718951042176
2.0262367651079534
1.452160861440308
1.9104559952286961
1.504109472313543
1.138262798475064
0.0
0.0
0.0
0.0
0.0
